630 1
-2.13555 -2.13555 | 15.9465 | 0 
-2.19805 -2.07305 | 16.9572 | 0 
-2.07305 -2.07305 | 10.6648 | 0 
-1.95195 -2.05742 | 9.13916 | 0 
-1.94805 -2.19805 | 15.9477 | 0 
-1.79961 -2.05742 | 15.0486 | 0 
-1.8543 -1.9793 | 11.3464 | 0 
-1.94805 -1.94805 | 8.64592 | 0 
-1.86992 -1.9168 | 11.6645 | 0 
-1.76445 -1.87773 | 18.5408 | 0 
-1.93633 -1.76055 | 16.9763 | 0 
-2.01055 -1.80742 | 13.8009 | 0 
-2.0457 -1.88555 | 10.6259 | 0 
-2.19805 -1.69805 | 27.7148 | 0 
-2.19414 -1.45195 | 33.0321 | 0 
-1.95977 -1.44414 | 25.6344 | 0 
-1.72148 -1.43242 | 35.9095 | 0 
-1.69805 -1.69805 | 32.18 | 0 
-1.69023 -1.43242 | 37.6883 | 0 
-1.38945 -1.39727 | 39.5541 | 0 
-1.2293 -1.53789 | 32.2971 | 0 
-1.31914 -1.70977 | 31.3735 | 0 
-1.45586 -1.7957 | 32.1296 | 0 
-1.45586 -2.02227 | 25.9246 | 0 
-1.40898 -2.14727 | 28.9889 | 0 
-1.19805 -2.19805 | 19.8534 | 0 
-1.03398 -2.15898 | 10.5454 | 0 
-1.06914 -2.0418 | 6.58373 | 0 
-0.991016 -1.99883 | 4.99363 | 0 
-1.09258 -1.9793 | 6.84045 | 0 
-1.17461 -1.9207 | 11.7228 | 0 
-1.19805 -1.82305 | 17.1219 | 0 
-1.09648 -1.7957 | 13.3765 | 0 
-0.987109 -1.81133 | 10.5294 | 0 
-0.991016 -1.90117 | 6.47927 | 0 
-0.866016 -1.84258 | 11.9899 | 0 
-0.850391 -1.75664 | 17.4941 | 0 
-0.815234 -1.92461 | 11.4848 | 0 
-0.803516 -2.06914 | 12.5564 | 0 
-0.928516 -2.03398 | 6.21818 | 0 
-0.916797 -2.15898 | 11.4254 | 0 
-0.705859 -2.11211 | 20.0773 | 0 
-0.518359 -2.19023 | 31.3318 | 0 
-0.424609 -1.99492 | 23.064 | 0 
-0.401172 -1.72539 | 32.8112 | 0 
-0.682422 -1.65898 | 32.7496 | 0 
-0.424609 -1.63555 | 38.3415 | 0 
-0.393359 -1.35039 | 35.7139 | 0 
-0.553516 -1.30352 | 34.745 | 0 
-0.795703 -1.31914 | 23.7498 | 0 
-0.764453 -1.51836 | 31.9165 | 0 
-1.06133 -1.47539 | 23.9172 | 0 
-1.17852 -1.40898 | 27.4411 | 0 
-1.02617 -1.28008 | 14.7052 | 0 
-1.19805 -1.19805 | 16.4573 | 0 
-1.0418 -1.19414 | 9.41604 | 0 
-0.998828 -1.07695 | 3.30407 | 0 
-1.04961 -1.07695 | 3.8897 | 0 
-1.03398 -1.05742 | 3.0582 | 0 
-0.998828 -1.03398 | 2.29416 | 0 
-1.00664 -0.979297 | 2.06554 | 0 
-1.05742 -0.951953 | 3.12041 | 0 
-1.08477 -1.00664 | 3.58384 | 0 
-1.19023 -1.00273 | 8.75606 | 0 
-1.12383 -0.932422 | 5.89745 | 0 
-1.14336 -0.768359 | 14.5365 | 0 
-1.05742 -0.819141 | 8.22408 | 0 
-0.975391 -0.807422 | 8.19247 | 0 
-1.06914 -0.869922 | 5.9868 | 0 
-1.00273 -0.905078 | 3.55255 | 0 
-0.830859 -0.858203 | 10.2752 | 0 
-0.877734 -0.705859 | 16.8152 | 0 
-0.783984 -0.877734 | 12.0744 | 0 
-0.787891 -1.03008 | 9.50157 | 0 
-0.834766 -0.967578 | 6.76209 | 0 
-0.905078 -1.0418 | 3.97381 | 0 
-0.834766 -1.08086 | 8.05043 | 0 
-0.901172 -1.14336 | 7.77596 | 0 
-0.725391 -1.09258 | 14.9046 | 0 
-0.631641 -0.975391 | 18.2396 | 0 
-0.565234 -1.18242 | 26.7697 | 0 
-0.424609 -1.03789 | 20.4385 | 0 
-0.405078 -0.752734 | 28.8325 | 0 
-0.686328 -0.698047 | 28.0597 | 0 
-0.416797 -0.678516 | 33.6404 | 0 
-0.440234 -0.362109 | 36.1039 | 0 
-0.549609 -0.268359 | 31.0432 | 0 
-0.776172 -0.276172 | 20.6787 | 0 
-0.811328 -0.502734 | 27.1508 | 0 
-1.03398 -0.455859 | 21.1219 | 0 
-1.15508 -0.405078 | 24.1551 | 0 
-1.06914 -0.283984 | 14.2717 | 0 
-1.14336 -0.229297 | 13.8525 | 0 
-1.36211 -0.303516 | 31.7227 | 0 
-1.52617 -0.326953 | 36.9501 | 0 
-1.52227 -0.584766 | 41.1765 | 0 
-1.2957 -0.619922 | 32.1885 | 0 
-1.44023 -0.799609 | 28.95 | 0 
-1.24102 -0.842578 | 16.1915 | 0 
-1.28008 -1.18633 | 21.0299 | 0 
-1.33867 -1.00664 | 18.1017 | 0 
-1.52227 -1.19805 | 30.4483 | 0 
-1.59648 -0.983203 | 21.7891 | 0 
-1.68633 -0.764453 | 26.416 | 0 
-1.85039 -0.819141 | 13.9884 | 0 
-1.80352 -0.928516 | 11.8072 | 0 
-1.71758 -0.998828 | 15.9711 | 0 
-1.75664 -1.09258 | 15.507 | 0 
-1.85039 -1.08086 | 9.95759 | 0 
-1.94805 -1.08477 | 6.88477 | 0 
-1.8582 -1.01445 | 8.2364 | 0 
-1.9207 -0.991016 | 5.90288 | 0 
-2.05742 -0.971484 | 5.98067 | 0 
-2.00273 -1.01445 | 5.08274 | 0 
-1.95586 -1.16289 | 10.3558 | 0 
-2.04961 -1.12773 | 9.00602 | 0 
-2.19023 -1.12773 | 15.4528 | 0 
-2.11602 -0.971484 | 8.12263 | 0 
-2.08867 -0.869922 | 9.78972 | 0 
-1.9793 -0.830859 | 9.82765 | 0 
-2.1707 -0.670703 | 25.1618 | 0 
-2.03789 -0.573047 | 23.7285 | 0 
-1.9207 -0.686328 | 19.2706 | 0 
-1.79961 -0.557422 | 29.8387 | 0 
-1.92852 -0.436328 | 24.1118 | 0 
-1.79961 -0.291797 | 22.853 | 0 
-1.96367 -0.229297 | 12.8708 | 0 
-2.08086 -0.330859 | 20.5673 | 0 
-2.19805 -0.198047 | 18.4573 | 0 
-1.97539 -0.190234 | 10.3901 | 0 
-2.03398 -0.108203 | 6.59931 | 0 
-1.9793 -0.0378906 | 4.2856 | 0 
-2.06133 0.00898437 | 4.99836 | 0 
-2.13555 -0.0261719 | 8.10884 | 0 
-2.19023 0.0871094 | 12.598 | 0 
-2.07695 0.145703 | 9.38718 | 0 
-2.10039 0.216016 | 14.2635 | 0 
-1.97148 0.176953 | 9.64792 | 0 
-2.01836 0.0871094 | 5.60862 | 0 
-1.93633 0.0988281 | 6.41554 | 0 
-1.9207 0.243359 | 14.5469 | 0 
-1.77617 0.258984 | 22.149 | 0 
-1.80352 0.0949219 | 11.6886 | 0 
-1.81914 0.00898437 | 9.11641 | 0 
-1.94414 0.0441406 | 4.77339 | 0 
-1.84258 -0.0183594 | 7.96756 | 0 
-1.85039 -0.143359 | 11.3366 | 0 
-1.67852 -0.162891 | 21.9819 | 0 
-1.49492 0.0324219 | 22.4375 | 0 
-1.36211 -0.190234 | 24.6998 | 0 
-1.34258 0.00898437 | 17.3129 | 0 
-1.44023 0.165234 | 26.327 | 0 
-1.24492 0.0988281 | 13.1074 | 0 
-1.44414 0.282422 | 33.5788 | 0 
-1.62383 0.411328 | 38.4166 | 0 
-1.20586 0.321484 | 23.1614 | 0 
-1.42852 0.505078 | 41.2988 | 0 
-1.27227 0.680859 | 27.6855 | 0 
-1.59648 0.680859 | 35.4392 | 0 
-1.78008 0.497266 | 31.5358 | 0 
-1.90508 0.411328 | 24.0126 | 0 
-1.97539 0.360547 | 20.5521 | 0 
-2.15508 0.446484 | 28.6669 | 0 
-2.01445 0.610547 | 22.1552 | 0 
-2.1082 0.770703 | 15.9647 | 0 
-2.19805 0.923047 | 13.6231 | 0 
-2.13555 0.926953 | 9.86739 | 0 
-1.95586 0.981641 | 5.2376 | 0 
-2.06523 0.833203 | 10.7948 | 0 
-1.90117 0.864453 | 9.6412 | 0 
-1.70195 0.809766 | 22.858 | 0 
-1.77617 0.954297 | 12.8379 | 0 
-1.86602 1.04414 | 8.29353 | 0 
-1.89727 1.03633 | 6.94497 | 0 
-1.90117 1.13398 | 10.1063 | 0 
-1.82305 1.06367 | 10.8143 | 0 
-1.71758 1.29414 | 29.386 | 0 
-2.06914 1.27461 | 18.3749 | 0 
-2.01055 1.08711 | 6.70685 | 0 
-2.12383 1.13789 | 12.2067 | 0 
-2.13945 1.16523 | 14.4566 | 0 
-2.12773 1.35273 | 25.4246 | 0 
-2.14336 1.6418 | 27.3661 | 0 
-2.01445 1.63398 | 23.43 | 0 
-1.76445 1.7082 | 27.7205 | 0 
-1.78008 1.36445 | 29.7391 | 0 
-1.64727 1.63398 | 38.0602 | 0 
-1.26836 1.71992 | 27.5965 | 0 
-1.33867 1.35664 | 35.1303 | 0 
-1.36211 1.28633 | 32.2486 | 0 
-1.53789 0.981641 | 23.1131 | 0 
-1.61602 0.844922 | 25.1674 | 0 
-1.4207 0.969922 | 21.9215 | 0 
-1.24883 0.801953 | 18.9224 | 0 
-1.17461 0.907422 | 9.28598 | 0 
-1.1668 1.00898 | 7.40248 | 0 
-1.10039 0.930859 | 4.93051 | 0 
-1.06914 0.962109 | 3.27965 | 0 
-1.01055 1.00117 | 2.04577 | 0 
-0.967578 0.966016 | 2.30328 | 0 
-0.959766 0.883984 | 4.56166 | 0 
-1.05742 0.821484 | 8.09481 | 0 
-0.924609 0.837109 | 7.45272 | 0 
-0.729297 0.817578 | 18.3778 | 0 
-0.721484 0.993359 | 13.2981 | 0 
-0.830859 1.00117 | 6.82816 | 0 
-0.944141 1.00508 | 2.51629 | 0 
-0.936328 1.14961 | 7.09025 | 0 
-0.869922 1.06758 | 5.94258 | 0 
-0.795703 1.16133 | 13.8619 | 0 
-0.838672 1.26289 | 17.8197 | 0 
-1.0418 1.21211 | 10.5391 | 0 
-1.00664 1.16133 | 7.08309 | 0 
-1.02227 1.06758 | 3.17044 | 0 
-1.10039 1.17305 | 9.86228 | 0 
-1.15117 1.07539 | 7.76464 | 0 
-1.19023 1.25898 | 19.8984 | 0 
-1.07695 1.46211 | 24.1618 | 0 
-1.17461 1.70039 | 22.7761 | 0 
-0.991016 1.77461 | 12.6072 | 0 
-0.908984 1.56367 | 24.0728 | 0 
-0.869922 1.70039 | 19.873 | 0 
-0.932422 1.54414 | 23.7596 | 0 
-0.576953 1.42305 | 40.0653 | 0 
-0.596484 1.55195 | 40.4543 | 0 
-0.295703 1.62617 | 32.583 | 0 
-0.303516 1.33711 | 30.3835 | 0 
-0.401172 1.15352 | 23.927 | 0 
-0.569141 1.22773 | 29.508 | 0 
-0.662891 1.09883 | 18.7177 | 0 
-0.471484 0.942578 | 21.5945 | 0 
-0.627734 0.887891 | 20.511 | 0 
-0.479297 0.829297 | 26.0542 | 0 
-0.354297 1.00117 | 17.2222 | 0 
-0.448047 0.782422 | 28.2618 | 0 
-0.260547 0.403516 | 29.1109 | 0 
-0.463672 0.430859 | 39.2124 | 0 
-0.541797 0.555859 | 39.65 | 0 
-0.737109 0.567578 | 30.7865 | 0 
-0.846484 0.751172 | 15.5094 | 0 
-1.15117 0.766797 | 15.0416 | 0 
-1.01445 0.641797 | 17.7691 | 0 
-1.14336 0.466016 | 25.0871 | 0 
-0.916797 0.407422 | 20.6975 | 0 
-0.705859 0.278516 | 25.0959 | 0 
-0.795703 0.122266 | 10.6243 | 0 
-0.893359 0.0832031 | 4.30272 | 0 
-0.842578 0.184766 | 11.2648 | 0 
-0.983203 0.294141 | 13.8469 | 0 
-1.05742 0.239453 | 11.1571 | 0 
-1.1668 0.227734 | 15.0259 | 0 
-1.15898 0.149609 | 10.0559 | 0 
-1.14336 0.0636719 | 5.89076 | 0 
-1.03008 0.0675781 | 2.13166 | 0 
-1.02227 0.122266 | 3.96617 | 0 
-0.987109 0.0949219 | 2.74261 | 0 
-0.983203 0.0480469 | 1.47687 | 0 
-0.951953 -0.0261719 | 1.49403 | 0 
-0.998828 -0.0300781 | 1.17688 | 0 
-1.0457 -0.0613281 | 2.24002 | 0 
-1.10039 0.0363281 | 3.39584 | 0 
-1.1707 -0.00273438 | 6.59325 | 0 
-1.13164 -0.0300781 | 4.6896 | 0 
-1.11211 -0.0925781 | 5.27 | 0 
-1.07305 -0.194141 | 8.78588 | 0 
-0.971484 -0.166797 | 6.13877 | 0 
-0.842578 -0.123828 | 8.108 | 0 
-0.924609 -0.0769531 | 3.10825 | 0 
-0.928516 0.0402344 | 2.17343 | 0 
-0.854297 0.0128906 | 4.66867 | 0 
-0.791797 -0.0535156 | 8.59372 | 0 
-0.744922 -0.190234 | 17.2426 | 0 
-0.494922 -0.143359 | 24.0502 | 0 
-0.623828 0.0207031 | 17.597 | 0 
-0.565234 0.227734 | 28.1486 | 0 
-0.373828 0.298047 | 30.2206 | 0 
-0.319141 0.0207031 | 14.3956 | 0 
-0.401172 -0.123828 | 21.1866 | 0 
-0.198047 -0.198047 | 13.6652 | 0 
-0.0769531 -0.194141 | 7.7518 | 0 
0.0285156 -0.139453 | 3.77966 | 0 
0.0285156 -0.116016 | 2.71559 | 0 
-0.0183594 -0.0925781 | 1.71999 | 0 
-0.0652344 -0.0691406 | 1.76622 | 0 
-0.0300781 -0.0613281 | 0.915992 | 0 
0.0324219 -0.0183594 | 0.274626 | 0 
0.00117187 0.00898437 | 0.0162822 | 0 
0.0207031 0.0324219 | 0.292744 | 0 
-0.00664063 0.0285156 | 0.169639 | 0 
-0.0144531 -0.00664063 | 0.0501618 | 0 
-0.0964844 0.0246094 | 1.9112 | 0 
-0.0808594 -0.0105469 | 1.29167 | 0 
-0.116016 -0.0417969 | 2.89931 | 0 
-0.139453 0.0128906 | 3.65172 | 0 
-0.135547 0.0519531 | 3.96184 | 0 
-0.0769531 0.169141 | 6.31606 | 0 
-0.147266 0.208203 | 11.453 | 0 
-0.0652344 0.188672 | 7.10946 | 0 
0.00507812 0.208203 | 7.45237 | 0 
-0.0144531 0.153516 | 4.36725 | 0 
-0.0613281 0.0753906 | 1.84383 | 0 
-0.00664063 0.102734 | 2.03131 | 0 
0.0753906 0.0519531 | 1.63756 | 0 
0.153516 0.110547 | 6.65488 | 0 
0.0792969 0.223828 | 9.6351 | 0 
0.192578 0.200391 | 13.4803 | 0 
0.258984 0.216016 | 18.5588 | 0 
0.188672 0.0714844 | 7.27384 | 0 
0.255078 -0.0613281 | 11.1211 | 0 
0.133984 0.00507812 | 3.36222 | 0 
0.0832031 0.00117187 | 1.34285 | 0 
0.137891 -0.0730469 | 4.58345 | 0 
0.161328 -0.135547 | 8.16947 | 0 
0.0597656 -0.116016 | 3.2551 | 0 
0.196484 -0.198047 | 13.5717 | 0 
0.298047 -0.174609 | 18.5308 | 0 
0.399609 0.0207031 | 18.3203 | 0 
0.462109 -0.104297 | 22.0138 | 0 
0.696484 -0.155078 | 18.1918 | 0 
0.727734 0.00898437 | 11.94 | 0 
0.622266 0.137891 | 21.1219 | 0 
0.762891 0.184766 | 15.8221 | 0 
0.559766 0.243359 | 29.2586 | 0 
0.536328 0.110547 | 22.3573 | 0 
0.364453 0.415234 | 35.5075 | 0 
0.591016 0.532422 | 38.8349 | 0 
0.317578 0.649609 | 30.5402 | 0 
0.0597656 0.653516 | 16.8252 | 0 
0.278516 0.571484 | 31.1945 | 0 
0.208203 0.301953 | 20.7451 | 0 
0.110547 0.540234 | 22.303 | 0 
-0.0144531 0.399609 | 18.2768 | 0 
-0.194141 0.579297 | 25.7194 | 0 
-0.0496094 0.716016 | 13.1161 | 0 
-0.127734 0.758984 | 13.0796 | 0 
-0.143359 0.844922 | 8.90748 | 0 
-0.0964844 0.919141 | 3.89918 | 0 
-0.151172 0.977734 | 5.25839 | 0 
-0.112109 1.02461 | 3.56172 | 0 
-0.131641 0.966016 | 4.40766 | 0 
-0.0339844 0.926953 | 2.1224 | 0 
-0.0691406 1.0207 | 2.05997 | 0 
-0.00273438 1.00508 | 1.01676 | 0 
0.0246094 0.958203 | 1.38093 | 0 
0.0324219 0.915234 | 2.43058 | 0 
-0.0144531 0.907422 | 2.50945 | 0 
-0.0261719 0.848828 | 5.03797 | 0 
0.0519531 0.817578 | 7.07959 | 0 
0.188672 0.801953 | 13.7134 | 0 
0.204297 0.926953 | 9.10357 | 0 
0.262891 1.0168 | 11.9677 | 0 
0.145703 1.02852 | 5.14505 | 0 
0.149609 0.966016 | 5.28499 | 0 
0.0871094 0.973828 | 2.55163 | 0 
0.0519531 0.997266 | 1.52679 | 0 
0.0519531 1.05195 | 2.16545 | 0 
0.106641 1.13008 | 6.60861 | 0 
0.114453 1.0793 | 4.86993 | 0 
0.204297 1.2043 | 15.8275 | 0 
0.133984 1.29805 | 18.0153 | 0 
0.0402344 1.23945 | 11.1935 | 0 
0.00117187 1.17305 | 6.72741 | 0 
-0.0261719 1.0793 | 2.5162 | 0 
-0.100391 1.16914 | 8.43647 | 0 
-0.178516 1.16523 | 11.9699 | 0 
-0.182422 1.27852 | 19.3304 | 0 
-0.0417969 1.4582 | 22.1281 | 0 
-0.158984 1.57148 | 26.091 | 0 
-0.0691406 1.73555 | 14.8526 | 0 
0.0910156 1.60273 | 22.1561 | 0 
0.231641 1.71992 | 23.7394 | 0 
0.141797 1.37617 | 22.7501 | 0 
0.469922 1.43086 | 41.1613 | 0 
0.477734 1.76289 | 32.4293 | 0 
0.739453 1.79805 | 21.4687 | 0 
0.602734 1.31758 | 34.2069 | 0 
0.602734 1.14961 | 23.7752 | 0 
0.458203 1.24727 | 31.251 | 0 
0.344922 1.06367 | 17.6568 | 0 
0.473828 1.0207 | 21.2159 | 0 
0.481641 0.844922 | 25.2626 | 0 
0.591016 1.04805 | 20.3088 | 0 
0.696484 0.833203 | 19.4859 | 0 
0.848828 0.868359 | 8.88647 | 0 
0.813672 1.02852 | 7.98523 | 0 
0.919141 0.969922 | 3.22669 | 0 
0.938672 0.938672 | 3.22877 | 0 
0.930859 0.993359 | 2.79084 | 0 
0.985547 0.997266 | 2.00852 | 0 
1.03633 0.993359 | 2.32882 | 0 
1.04414 0.954297 | 2.79253 | 0 
1.00508 0.911328 | 3.35809 | 0 
0.981641 0.817578 | 7.5789 | 0 
1.15742 0.907422 | 8.31333 | 0 
1.29805 0.899609 | 17.3917 | 0 
1.25898 1.04414 | 13.6216 | 0 
1.09883 0.958203 | 4.33521 | 0 
1.07148 1.04023 | 3.53984 | 0 
1.0793 1.15352 | 8.01349 | 0 
1.24727 1.0793 | 13.7645 | 0 
1.1457 1.23945 | 16.0926 | 0 
0.973828 1.29023 | 15.2491 | 0 
1.02461 1.12617 | 5.41858 | 0 
0.930859 1.06758 | 3.82308 | 0 
0.872266 1.12227 | 7.88028 | 0 
0.848828 1.2043 | 13.5204 | 0 
1.03633 1.36055 | 19.5851 | 0 
0.852734 1.50508 | 26.9714 | 0 
0.926953 1.74727 | 15.1189 | 0 
1.16133 1.65352 | 24.4929 | 0 
1.23164 1.51289 | 32.622 | 0 
1.49336 1.32148 | 38.3097 | 0 
1.39961 1.79805 | 30.2944 | 0 
1.68477 1.67695 | 34.0658 | 0 
1.56758 1.37617 | 40.5861 | 0 
1.55195 1.11055 | 25.4306 | 0 
1.44258 1.06367 | 23.3582 | 0 
1.37227 1.0207 | 19.958 | 0 
1.45039 0.919141 | 23.7296 | 0 
1.59102 1.00508 | 21.9555 | 0 
1.69648 0.848828 | 21.0799 | 0 
1.75508 0.571484 | 32.096 | 0 
1.48945 0.548047 | 42.0446 | 0 
1.40352 0.653516 | 36.3127 | 0 
1.27852 0.602734 | 31.768 | 0 
1.12617 0.719922 | 16.6464 | 0 
0.817578 0.762891 | 16.3218 | 0 
0.985547 0.630078 | 18.2514 | 0 
0.821484 0.462109 | 26.2643 | 0 
1.23555 0.434766 | 29.9804 | 0 
1.27461 0.208203 | 20.612 | 0 
1.15352 0.145703 | 9.56 | 0 
1.05586 0.184766 | 7.77361 | 0 
1.07539 0.294141 | 15.0821 | 0 
0.923047 0.294141 | 14.8229 | 0 
0.923047 0.133984 | 5.35543 | 0 
0.848828 0.0871094 | 6.37077 | 0 
0.903516 0.0597656 | 3.29871 | 0 
0.926953 0.0949219 | 3.62958 | 0 
0.985547 0.118359 | 3.66665 | 0 
1.03633 0.0988281 | 3.20989 | 0 
1.04414 0.0285156 | 1.63326 | 0 
1.03242 -0.0222656 | 1.37087 | 0 
0.958203 -0.0378906 | 1.54451 | 0 
0.942578 0.00117187 | 1.53255 | 0 
0.923047 0.0167969 | 2.05425 | 0 
0.817578 -0.0183594 | 6.61561 | 0 
0.895703 -0.131641 | 6.1211 | 0 
0.825391 -0.178516 | 11.8094 | 0 
0.977734 -0.151172 | 5.25839 | 0 
1.04414 -0.100391 | 3.40673 | 0 
1.0832 -0.190234 | 8.87763 | 0 
1.09102 -0.0886719 | 4.30156 | 0 
1.06367 -0.0574219 | 2.56815 | 0 
1.07148 0.00117187 | 2.14018 | 0 
1.16914 -0.0339844 | 6.73037 | 0 
1.19258 0.0167969 | 7.94801 | 0 
1.23555 -0.119922 | 13.341 | 0 
1.48945 -0.139453 | 25.8153 | 0 
1.33711 -0.0300781 | 17.1709 | 0 
1.38789 0.298047 | 32.6083 | 0 
1.4582 0.0714844 | 22.7804 | 0 
1.62617 0.216016 | 27.5908 | 0 
1.7668 0.0871094 | 13.5365 | 0 
1.66133 -0.0300781 | 18.2266 | 0 
1.79805 -0.201953 | 17.3273 | 0 
1.64961 -0.252734 | 28.8546 | 0 
1.50508 -0.393359 | 40.2529 | 0 
1.48945 -0.682422 | 36.7818 | 0 
1.75508 -0.694141 | 26.6813 | 0 
1.63789 -0.791797 | 27.1893 | 0 
1.75117 -0.897266 | 15.8101 | 0 
1.72383 -1.12773 | 18.9318 | 0 
1.57539 -0.998828 | 22.3787 | 0 
1.45039 -1.08086 | 24.0531 | 0 
1.30195 -0.967578 | 16.0447 | 0 
1.43086 -0.885547 | 24.3789 | 0 
1.29414 -0.721484 | 26.7155 | 0 
1.10664 -0.741016 | 14.5 | 0 
1.05977 -0.881641 | 5.23735 | 0 
1.23164 -0.862109 | 14.6334 | 0 
1.23164 -1.02617 | 11.5539 | 0 
1.26289 -1.15898 | 18.3352 | 0 
1.12617 -1.19805 | 12.4781 | 0 
1.1457 -1.0457 | 6.72151 | 0 
1.09492 -0.975391 | 3.99598 | 0 
0.989453 -0.971484 | 2.10483 | 0 
0.946484 -1.01055 | 2.499 | 0 
0.938672 -1.06523 | 3.57742 | 0 
1.01289 -1.11602 | 4.84546 | 0 
0.969922 -1.17852 | 8.1657 | 0 
0.872266 -1.1043 | 7.10322 | 0 
0.848828 -1.18633 | 12.415 | 0 
0.801953 -1.01836 | 8.54 | 0 
0.903516 -0.998828 | 3.59625 | 0 
0.825391 -0.944141 | 7.62053 | 0 
0.876172 -0.842578 | 8.86034 | 0 
0.938672 -0.912891 | 3.90855 | 0 
1.00508 -0.873828 | 4.76004 | 0 
0.938672 -0.772266 | 10.8163 | 0 
0.864453 -0.733203 | 15.751 | 0 
0.872266 -0.694141 | 17.7323 | 0 
0.938672 -0.533984 | 21.6724 | 0 
1.0793 -0.643359 | 19.0047 | 0 
1.22383 -0.514453 | 30.0842 | 0 
1.11055 -0.412891 | 22.2598 | 0 
1.21602 -0.295703 | 22.2793 | 0 
1.02461 -0.252734 | 11.4048 | 0 
0.895703 -0.342578 | 18.4854 | 0 
0.778516 -0.229297 | 17.5794 | 0 
0.622266 -0.264453 | 28.5555 | 0 
0.794141 -0.358203 | 24.3078 | 0 
0.571484 -0.459766 | 39.2283 | 0 
0.341016 -0.432422 | 34.8273 | 0 
0.337109 -0.201953 | 22.3852 | 0 
0.133984 -0.334766 | 18.5469 | 0 
0.0597656 -0.287891 | 13.1416 | 0 
0.0714844 -0.217578 | 9.02122 | 0 
-0.0300781 -0.201953 | 7.24651 | 0 
-0.100391 -0.264453 | 12.9112 | 0 
0.0441406 -0.440234 | 19.8811 | 0 
-0.0847656 -0.576953 | 20.5788 | 0 
0.0519531 -0.694141 | 14.4507 | 0 
0.161328 -0.549609 | 24.5586 | 0 
0.274609 -0.725391 | 23.6818 | 0 
0.243359 -0.908984 | 12.0594 | 0 
0.192578 -0.842578 | 11.7225 | 0 
0.114453 -0.928516 | 4.34328 | 0 
0.169141 -0.764453 | 14.8413 | 0 
-0.00664063 -0.815234 | 6.68836 | 0 
-0.198047 -0.717578 | 19.3706 | 0 
-0.158984 -0.854297 | 9.24896 | 0 
-0.119922 -0.928516 | 4.57531 | 0 
-0.0613281 -0.889453 | 3.84498 | 0 
0.0441406 -0.854297 | 5.01981 | 0 
0.00117187 -0.940234 | 1.58114 | 0 
0.00507812 -0.975391 | 1.07581 | 0 
0.0402344 -1.06133 | 2.17916 | 0 
-0.0261719 -1.05742 | 1.89755 | 0 
-0.0535156 -1.00273 | 1.56983 | 0 
-0.104297 -0.971484 | 3.18619 | 0 
-0.151172 -1.01445 | 5.27505 | 0 
-0.104297 -1.06133 | 3.94202 | 0 
-0.155078 -1.13555 | 9.10944 | 0 
-0.0808594 -1.15117 | 6.77668 | 0 
-0.0339844 -1.08086 | 2.6596 | 0 
0.0128906 -1.1707 | 6.62472 | 0 
0.149609 -1.15898 | 10.0559 | 0 
0.0675781 -1.11602 | 4.67929 | 0 
0.0949219 -1.03789 | 3.09472 | 0 
0.0949219 -0.967578 | 2.87843 | 0 
0.157422 -0.971484 | 5.63431 | 0 
0.130078 -1.04961 | 4.75859 | 0 
0.266797 -1.05742 | 12.8866 | 0 
0.344922 -1.14727 | 21.036 | 0 
0.481641 -1.02617 | 21.3534 | 0 
0.352734 -0.897266 | 18.9575 | 0 
0.485547 -0.791797 | 28.2254 | 0 
0.583203 -0.901172 | 21.6833 | 0 
0.712109 -0.772266 | 22.0674 | 0 
0.747266 -0.959766 | 11.9692 | 0 
0.653516 -1.09648 | 19.1091 | 0 
0.798047 -1.20195 | 16.1351 | 0 
0.708203 -1.33477 | 29.957 | 0 
0.626172 -1.49492 | 39.6406 | 0 
0.364453 -1.31523 | 32.435 | 0 
0.180859 -1.36211 | 24.155 | 0 
0.137891 -1.22148 | 13.2531 | 0 
-0.182422 -1.31133 | 21.3919 | 0 
0.0480469 -1.32695 | 16.8642 | 0 
-0.190234 -1.5457 | 28.3484 | 0 
0.0246094 -1.58867 | 21.1315 | 0 
0.294141 -1.64336 | 31.7354 | 0 
0.110547 -1.90508 | 7.6848 | 0 
0.145703 -1.76055 | 16.3645 | 0 
-0.0183594 -1.80742 | 9.80342 | 0 
-0.143359 -1.75273 | 16.7106 | 0 
-0.198047 -1.87773 | 13.167 | 0 
-0.0535156 -1.84258 | 8.46364 | 0 
0.0246094 -1.90508 | 5.47567 | 0 
0.0207031 -1.99102 | 4.06499 | 0 
-0.0691406 -2.05352 | 5.71059 | 0 
-0.116016 -2.00664 | 6.59001 | 0 
-0.182422 -2.05742 | 10.7905 | 0 
-0.119922 -2.1082 | 9.38925 | 0 
-0.0300781 -2.1707 | 10.1121 | 0 
0.0636719 -2.14336 | 9.17748 | 0 
0.165234 -2.11992 | 12.1506 | 0 
0.110547 -2.05352 | 7.10597 | 0 
0.212109 -2.04961 | 12.3695 | 0 
0.301953 -2.1082 | 19.9657 | 0 
0.493359 -2.05352 | 25.0116 | 0 
0.333203 -1.93633 | 19.6429 | 0 
0.466016 -1.77227 | 31.7366 | 0 
0.598828 -1.90117 | 23.973 | 0 
0.719922 -1.77227 | 24.1434 | 0 
0.751172 -1.96758 | 14.5688 | 0 
0.653516 -2.09648 | 22.302 | 0 
0.801953 -2.19805 | 19.0612 | 0 
0.833203 -2.05742 | 10.5781 | 0 
0.954297 -2.0457 | 5.91455 | 0 
1.0168 -2.00664 | 5.12483 | 0 
1.04805 -2.08477 | 7.28197 | 0 
1.05586 -2.17852 | 12.1284 | 0 
1.16914 -2.17852 | 16.906 | 0 
1.18867 -2.09648 | 13.8315 | 0 
1.17695 -1.99492 | 10.9398 | 0 
1.09883 -1.99883 | 7.06978 | 0 
1.16133 -1.86992 | 12.7158 | 0 
1.24727 -1.82695 | 20.0727 | 0 
1.06367 -1.80352 | 11.8742 | 0 
0.962109 -1.81914 | 10.3081 | 0 
1.0168 -1.87383 | 7.58194 | 0 
0.946484 -1.94023 | 5.91718 | 0 
0.883984 -1.85039 | 10.8489 | 0 
0.856641 -1.94023 | 8.98497 | 0 
0.899609 -1.70586 | 18.3816 | 0 
0.813672 -1.53789 | 28.8504 | 0 
0.985547 -1.44023 | 22.39 | 0 
1.25117 -1.4168 | 32.3107 | 0 
1.30195 -1.69805 | 30.9917 | 0 
1.56758 -1.44805 | 43.1381 | 0 
1.75898 -1.51055 | 34.7896 | 0 
1.79805 -1.70195 | 26.1296 | 0 
1.55195 -1.70195 | 37.7504 | 0 
1.54805 -1.95195 | 26.2066 | 0 
1.55195 -2.19805 | 33.5052 | 0 
1.67695 -2.07305 | 22.5748 | 0 
1.79805 -2.07695 | 15.7198 | 0 
1.73555 -2.13945 | 22.0956 | 0 
0.00117187 0.00898437 | 0.0162822 
0 0 | 0 