485 4
0.251953 -0.748047 | 0.0533977 | 0 
0.00195312 -0.498047 | 0.0546477 | 0 
0.501953 -0.498047 | 0.0351673 | 0 
0.841797 -0.244141 | 0.0168026 | 0 
0.978516 -0.474609 | 0.0204634 | 0 
1.00195 -0.998047 | 0.0401673 | 0 
1.43555 -0.810547 | 0.0237669 | 0 
1.64648 -0.763672 | 0.0191239 | 0 
1.77539 -0.802734 | 0.0194124 | 0 
1.7793 -0.509766 | 0.0085029 | 0 
1.66992 -0.630859 | 0.0138303 | 0 
1.50586 -0.525391 | 0.012088 | 0 
1.61914 -0.255859 | 0.00206924 | 0 
1.68555 -0.283203 | 0.00214554 | 0 
1.69727 -0.380859 | 0.00501858 | 0 
1.86523 -0.396484 | 0.0041083 | 0 
1.98242 -0.462891 | 0.00562545 | 0 
1.87695 -0.326172 | 0.0018356 | 0 
1.95117 -0.232422 | -0.00136252 98.4839 | 0 
1.68164 -0.0410156 | -0.00441184 92.9196 | 0 
1.56445 -0.0253906 | -0.00344498 86.8102 | 0 
1.34961 -0.244141 | 0.00558706 | 0 
1.42773 -0.302734 | 0.00604605 | 0 
1.3457 -0.380859 | 0.0097894 | 0 
1.20117 -0.443359 | 0.0144829 | 0 
1.07617 -0.224609 | 0.010425 | 0 
1.20117 -0.0878906 | 0.0040632 | 0 
1.00195 0.00195312 | 0.00620633 | 0 
1.15039 0.0292969 | 0.00222226 | 0 
1.13477 0.119141 | 0.000529813 | 0 
1.13477 0.193359 | -0.0010195 47.0771 | 0 
1.05273 0.201172 | 0.00063876 | 0 
1.04883 0.349609 | -0.00201639 34.116 | 0 
1.11133 0.423828 | -0.00462351 40.6663 | 0 
1.15039 0.259766 | -0.00264279 48.1855 | 0 
1.4043 0.107422 | -0.0042313 75.0683 | 0 
1.51758 0.302734 | -0.00979215 81.5469 | 0 
1.99805 0.736328 | -0.0199422 86.4453 | 0 
1.54883 0.791016 | -0.0165871 70.2215 | 0 
1.36914 0.576172 | -0.0117051 64.0629 | 0 
1.21289 0.806641 | -0.0112088 40.7096 | 0 
1.04492 0.884766 | -0.00816422 17.0843 | 0 
0.958984 0.955078 | -0.00649893 1.93776 | 0 
0.955078 0.970703 | -0.00647592 0.619655 | 0 
0.935547 0.970703 | -0.00598581 -2.24137 -19.0806 -1.45055 | 0 
0.888672 0.955078 | -0.00470432 -8.57173 -16.9283 -1.33693 | 0 
0.892578 0.884766 | -0.00441275 -4.73576 -17.8649 -1.46265 | 0 
0.908203 0.904297 | -0.0049382 -3.22302 -18.5317 -1.47366 | 0 
0.927734 0.884766 | -0.00531967 0.585747 | 0 
0.939453 0.896484 | -0.005689 1.79958 | 0 
0.994141 0.904297 | -0.00708463 9.29555 | 0 
0.970703 0.826172 | -0.00599082 9.36294 | 0 
0.966797 0.810547 | -0.00577536 9.4428 | 0 
0.916016 0.771484 | -0.00417758 3.52154 | 0 
0.884766 0.814453 | -0.00371512 -2.95472 -18.0941 -1.32006 | 0 
0.884766 0.873047 | -0.0041326 -5.42664 -17.5082 -1.455 | 0 
0.869141 0.841797 | -0.00350504 -6.52409 -16.7928 -1.42535 | 0 
0.837891 0.791016 | -0.0022739 -9.42724 -14.9608 -1.35686 | 0 
0.763672 0.783203 | -0.000132419 -21.4815 -8.45766 -1.31694 | 0 
0.763672 0.939453 | -0.00119077 -28.2106 -6.89516 -0.709873 | 0 
0.697266 0.912109 | 0.000910916 | 0 
0.638672 0.986328 | 0.00233401 | 0 
0.611328 0.837891 | 0.00405002 | 0 
0.677734 0.755859 | 0.00264554 | 0 
0.724609 0.744141 | 0.00134585 | 0 
0.607422 0.740234 | 0.0049769 | 0 
0.619141 0.580078 | 0.00633419 | 0 
0.673828 0.521484 | 0.00539584 | 0 
0.751953 0.544922 | 0.00275967 | 0 
0.798828 0.626953 | 0.000416653 | 0 
0.751953 0.736328 | 0.000618314 | 0 
0.794922 0.712891 | -0.000384799 -13.5535 -12.0514 -1.19516 | 0 
0.818359 0.736328 | -0.00126078 -10.518 -13.8855 -1.21967 | 0 
0.826172 0.681641 | -0.000938998 -7.30144 -15.094 -0.921269 | 0 
0.923828 0.630859 | -0.00297464 9.62361 | 0 
0.970703 0.572266 | -0.00344779 18.2397 | 0 
0.947266 0.451172 | -0.00119913 17.9493 | 0 
0.884766 0.400391 | 0.00119217 | 0 
0.826172 0.474609 | 0.00163595 | 0 
0.826172 0.361328 | 0.00340774 | 0 
0.880859 0.287109 | 0.00323501 | 0 
0.962891 0.224609 | 0.00231826 | 0 
0.833984 0.00195312 | 0.0105132 | 0 
0.521484 0.00195312 | 0.0200273 | 0 
0.697266 0.482422 | 0.00523129 | 0 
0.275391 0.427734 | 0.0205052 | 0 
0.494141 0.0917969 | 0.0188807 | 0 
0.130859 0.337891 | 0.0277458 | 0 
0.205078 0.681641 | 0.0199841 | 0 
0.396484 0.740234 | 0.0121405 | 0 
0.341797 0.947266 | 0.0126679 | 0 
0.00195312 1.00195 | 0.0262063 | 0 
0.00195312 1.45898 | 0.0264848 | 0 
0.361328 1.39648 | 0.0116932 | 0 
0.267578 1.12695 | 0.0148959 | 0 
0.521484 1.16602 | 0.0056857 | 0 
0.740234 1.09961 | -0.00109006 -40.4375 -3.0869 -0.0944814 | 0 
0.837891 1.02148 | -0.0036279 -19.8704 -12.6562 -0.716848 | 0 
0.826172 1.3418 | -0.0034249 -40.6961 -8.49239 -0.006461 | 0 
0.974609 1.41992 | -0.00700052 -23.4201 -15.6106 -0.027012 | 0 
0.712891 1.48242 | 0.000412564 | 0 
0.626953 1.39648 | 0.00263083 | 0 
0.693359 1.36914 | 0.000485745 | 0 
0.634766 1.35352 | 0.00223526 | 0 
0.560547 1.35742 | 0.00462588 | 0 
0.521484 1.46289 | 0.00636526 | 0 
0.603516 1.72461 | 0.00573977 | 0 
0.626953 1.5957 | 0.00381057 | 0 
0.888672 1.55273 | -0.00405997 -46.042 -10.9517 -0.000199547 | 0 
0.935547 1.70898 | -0.00392093 -51.7004 -11.6978 -9.7206e-06 | 0 
0.962891 1.88477 | -0.00250656 -63.5027 -10.7469 -3.41013e-07 | 0 
0.728516 1.98242 | 0.0052745 | 0 
0.626953 1.8418 | 0.0063638 | 0 
0.283203 1.92383 | 0.0194804 | 0 
0.498047 1.51367 | 0.00745034 | 0 
0.150391 1.55273 | 0.0207532 | 0 
0.00195312 2.00195 | 0.0322454 | 0 
0.0332031 2.56055 | 0.042961 | 0 
0.501953 2.50195 | 0.0232845 | 0 
0.818359 2.79883 | 0.0221518 | 0 
0.919922 2.68555 | 0.0159545 | 0 
0.998047 2.49805 | 0.00879617 | 0 
0.755859 2.49805 | 0.0152047 | 0 
0.748047 2.24805 | 0.0095657 | 0 
0.611328 2.0957 | 0.0107616 | 0 
0.751953 2.00195 | 0.00489969 | 0 
0.755859 2.13086 | 0.00702041 | 0 
0.876953 2.12695 | 0.00359695 | 0 
1.00195 2.00195 | -0.00171555 -69.3688 -9.97931 -2.4103e-09 | 0 
1.12695 2.12695 | -0.00239328 -66.0295 -4.20487 -3.85643e-05 | 0 
1.25195 2.00195 | -0.00708078 -39.0547 5.20499 | 0 
1.37695 2.11523 | -0.0073494 -38.8129 16.889 | 0 
1.25195 2.25195 | -0.00244602 -65.6416 7.70499 | 0 
1.37695 2.37695 | -0.00187375 -68.2051 19.5062 | 0 
1.37305 2.49805 | 0.00118777 | 0 
1.24805 2.49805 | 0.0034114 | 0 
1.22852 2.38477 | 0.000974515 | 0 
1.1582 2.37305 | 0.0021138 | 0 
1.06055 2.35352 | 0.00378952 | 0 
1.00195 2.50195 | 0.00880398 | 0 
1.01367 2.74414 | 0.0154174 | 0 
1.25195 2.75195 | 0.0105735 | 0 
1.38867 2.90039 | 0.0129958 | 0 
1.49805 2.74805 | 0.00639187 | 0 
1.37305 2.62305 | 0.00458914 | 0 
1.37695 2.50195 | 0.00122488 | 0 
1.50195 2.50195 | -0.000676486 -73.72 25.0184 | 0 
1.62695 2.50195 | -0.00226535 -66.1584 20.4949 | 0 
1.62695 2.62695 | 0.00114578 | 0 
1.64648 2.7207 | 0.00368918 | 0 
1.50195 2.75195 | 0.00645828 | 0 
1.63086 2.89648 | 0.0095198 | 0 
1.75195 2.75195 | 0.00359305 | 0 
1.76367 2.86914 | 0.00726413 | 0 
1.88867 2.88086 | 0.00672213 | 0 
1.97461 2.84961 | 0.00522012 | 0 
1.99805 2.74805 | 0.00187234 | 0 
1.87305 2.74805 | 0.00253347 | 0 
1.81055 2.68555 | 0.00108523 | 0 
1.81445 2.62695 | -0.000651584 -74.9129 5.35982 | 0 
1.87305 2.62305 | -0.00118039 -73.1286 0.75507 | 0 
1.99805 2.49805 | -0.00524289 -56.0062 -5.01839 -0.0159966 | 0 
1.87305 2.37305 | -0.00767063 -41.903 -1.74493 -0.0290157 | 0 
1.74805 2.49805 | -0.00360813 -60.4143 10.1645 | 0 
1.62305 2.36523 | -0.00559354 -49.726 19.3881 | 0 
1.74805 2.24805 | -0.00947336 -30.7512 7.66454 | 0 
1.62305 2.11133 | -0.0108661 -21.3103 16.849 | 0 
1.75195 2.00195 | -0.0140613 -4.46813 4.83546 | 0 
1.75195 2.12695 | -0.0119001 -17.371 6.08546 | 0 
1.87695 2.12695 | -0.012864 -14.1497 -4.46618 -0.204189 | 0 
1.99805 2.12305 | -0.013572 -12.6835 -8.76839 -0.358579 | 0 
1.99805 1.99805 | -0.0157234 0.194952 | 0 
1.88477 1.9668 | -0.0156265 2.3706 | 0 
1.79492 1.93164 | -0.0155061 3.79848 | 0 
1.77539 1.8418 | -0.016578 11.6912 | 0 
1.88867 1.81445 | -0.0177552 16.8333 | 0 
1.95508 1.5957 | -0.0203343 36.2032 | 0 
1.77539 1.63086 | -0.0188407 30.004 | 0 
1.74805 1.68164 | -0.0181376 24.8938 | 0 
1.51367 1.58789 | -0.0162849 20.5404 | 0 
1.58789 1.81836 | -0.0149295 5.54519 | 0 
1.71289 1.7793 | -0.0167714 15.1281 | 0 
1.64258 1.9043 | -0.0144325 0.46978 | 0 
1.68945 1.92773 | -0.0145974 0.398827 | 0 
1.63086 1.95898 | -0.0135002 -5.40333 14.7986 | 0 
1.51758 1.94727 | -0.0122589 -10.958 19.3812 | 0 
1.43555 1.78711 | -0.0132091 -1.96951 16.6581 | 0 
1.3457 1.88086 | -0.0105661 -18.1703 12.2955 | 0 
1.11133 1.95898 | -0.00488736 -50.7834 -6.88652 -2.64552e-05 | 0 
1.17383 1.63086 | -0.0101133 -13.8926 -5.59807 -0.020674 | 0 
1.00586 1.60742 | -0.00658036 -33.2282 -13.9155 -0.000985244 | 0 
1.2793 1.55273 | -0.0127788 3.65505 | 0 
1.33008 1.56445 | -0.0136041 7.64582 | 0 
1.29492 1.60352 | -0.0126801 1.19517 | 0 
1.25977 1.63477 | -0.0117694 -4.86334 2.26883 | 0 
1.28711 1.7168 | -0.0114955 -8.97736 5.63509 | 0 
1.36133 1.7207 | -0.012755 -2.34699 11.8653 | 0 
1.32617 1.63867 | -0.0129399 1.33801 | 0 
1.46289 1.67383 | -0.0148216 9.9237 | 0 
1.49805 1.5293 | -0.0164883 24.0343 | 0 
1.42383 1.35742 | -0.0162278 30.8814 | 0 
1.30273 1.47852 | -0.0136734 11.5873 | 0 
1.14648 1.4668 | -0.0106892 -4.37684 -9.41336 -0.180295 | 0 
1.0918 1.38086 | -0.00989176 -4.94938 -13.7638 -0.271733 | 0 
1.07617 1.25195 | -0.00984311 1.54739 | 0 
1.24023 1.30273 | -0.013183 17.4857 | 0 
1.13867 1.20508 | -0.0112356 12.1748 | 0 
1.08398 1.13477 | -0.0100025 9.53791 | 0 
1.18945 1.05664 | -0.0120824 26.4637 | 0 
1.58398 1.0918 | -0.0185882 58.1808 | 0 
1.51758 1.44336 | -0.0172508 31.756 | 0 
1.89648 1.41602 | -0.0211122 49.1284 | 0 
2.00195 1.00195 | -0.0217155 74.902 | 0 
2.36523 1.31445 | -0.022096 47.5417 | 0 
2.37695 1.13867 | -0.0221493 57.718 | 0 
2.54883 1.11523 | -0.0212113 47.9888 | 0 
2.89258 1.02539 | -0.0173985 18.3883 | 0 
2.89648 1.10352 | -0.017556 13.7449 | 0 
2.92383 1.2207 | -0.0172564 3.47915 | 0 
2.77539 1.12695 | -0.0191359 26.4973 | 0 
2.82227 1.31836 | -0.0184878 9.59538 | 0 
2.98633 1.39648 | -0.0159308 -16.3128 -15.9796 -0.0655095 | 0 
2.70117 1.46289 | -0.0192972 12.357 | 0 
2.5957 1.36523 | -0.0206612 28.7602 | 0 
2.50195 1.50195 | -0.0206765 26.1064 | 0 
2.5332 1.63086 | -0.0195334 13.764 | 0 
2.58008 1.74414 | -0.0180945 0.581932 | 0 
2.66211 1.66992 | -0.0181563 -0.159645 9.57022 | 0 
2.74414 1.5918 | -0.0180041 -1.79996 1.47284 | 0 
2.70117 1.5918 | -0.0184532 2.51276 | 0 
2.66211 1.61523 | -0.0186404 4.33178 | 0 
2.66602 1.54492 | -0.0191386 9.52646 | 0 
2.75195 1.50195 | -0.0185417 4.3372 | 0 
2.87695 1.50195 | -0.0170056 -9.80261 -10.7142 -0.157211 | 0 
2.87695 1.62695 | -0.0160945 -19.5804 -9.46424 -0.349334 | 0 
2.87305 1.74805 | -0.0149665 -29.323 -7.99294 -0.602982 | 0 
2.81055 1.68555 | -0.0164148 -16.6508 -3.71155 -0.449008 | 0 
2.75195 1.75195 | -0.016407 -15.9997 2.33824 | 0 
2.7832 1.82227 | -0.0152266 -25.614 0.118795 | 0 
2.84961 1.76367 | -0.0151028 -27.891 -6.14777 -0.629549 | 0 
2.89648 1.81445 | -0.0138736 -38.1174 -8.79109 -0.754242 | 0 
2.9707 1.9043 | | 0 
2.91602 1.93945 | | 0 
2.86914 1.89258 | -0.0132259 -42.005 -6.28095 -0.884416 | 0 
2.77539 1.94727 | -0.0136052 -36.5482 2.0926 | 0 
2.64648 1.87695 | -0.0159239 -17.0976 12.8542 | 0 
2.63086 1.79492 | -0.0171043 -8.18136 13.16 | 0 
2.49805 1.99805 | -0.0152429 -17.0305 19.9793 | 0 
2.37305 1.99805 | -0.0158318 -9.46895 15.4549 | 0 
2.31055 1.93555 | -0.0169675 -0.355721 9.92378 | 0 
2.37305 1.87305 | -0.0176706 2.62822 | 0 
2.37305 1.75586 | -0.0191108 13.2598 | 0 
2.49805 1.74805 | -0.0186081 6.38256 | 0 
2.4043 1.60742 | -0.0204227 24.0538 | 0 
2.24805 1.74805 | -0.0194734 19.3356 | 0 
2.13086 1.62305 | -0.0206625 32.9538 | 0 
2.00195 1.75195 | -0.0190613 23.2662 | 0 
2.12695 1.87695 | -0.017864 10.8069 | 0 
2.12305 1.99805 | -0.016072 -0.856209 -5.75622 -0.392368 | 0 
2.00195 2.00195 | -0.0156765 -0.195673 -9.97935 -0.457742 | 0 
2.11523 2.14648 | -0.0134698 -16.107 -4.77287 -0.40299 | 0 
2.2207 2.14648 | -0.0135374 -18.5675 3.71796 | 0 
2.24805 2.02148 | -0.0157285 -6.4327 5.02939 | 0 
2.4043 2.08398 | -0.0142683 -19.9259 18.2077 | 0 
2.29102 2.23242 | -0.0117582 -30.4739 11.1457 | 0 
2.38477 2.31445 | -0.00973856 -44.1982 19.3804 | 0 
2.27148 2.49805 | -0.00559964 -61.1243 11.9977 | 0 
2.22852 2.4043 | -0.00798856 -48.1424 7.02294 | 0 
2.13477 2.35352 | -0.00915146 -39.7371 -1.40188 -0.154761 | 0 
2.00195 2.50195 | -0.00515695 -56.4945 -4.97935 -0.0155898 | 0 
2.12695 2.62695 | -0.00208469 -73.6413 0.793138 | 0 
2.18945 2.68945 | -0.000314182 -83.3215 6.32364 | 0 
2.18555 2.74805 | 0.00146658 | 0 
2.12305 2.74805 | 0.00152371 | 0 
2.00195 2.75195 | 0.00197781 | 0 
2.0293 2.87305 | 0.00578225 | 0 
2.12695 2.87695 | 0.00567508 | 0 
2.2207 2.86133 | 0.0051044 | 0 
2.25195 2.75195 | 0.00161258 | 0 
2.26758 2.86133 | 0.00514578 | 0 
2.37305 2.88086 | 0.00605233 | 0 
2.47461 2.87305 | 0.00624496 | 0 
2.49805 2.74805 | 0.00235281 | 0 
2.37305 2.74805 | 0.00176394 | 0 
2.37305 2.62305 | -0.00194992 -81.6735 21.7049 | 0 
2.50195 2.50195 | -0.00463742 -73.9912 25.0184 | 0 
2.62695 2.62695 | -0.000315158 -99.8186 21.7469 | 0 
2.62305 2.74805 | 0.00325418 | 0 
2.50195 2.75195 | 0.00249734 | 0 
2.51758 2.8457 | 0.00559195 | 0 
2.61133 2.88867 | 0.00770804 | 0 
2.75195 2.75195 | 0.00463211 | 0 
2.88867 2.88867 | 0.0107588 | 0 
2.97461 2.74023 | 0.00722342 | 0 
2.8418 2.69727 | 0.00403708 | 0 
2.85352 2.58398 | 0.000924954 | 0 
2.89648 2.50195 | -0.000698276 -112.306 -1.91609 -0.0838307 | 0 
2.99805 2.49805 | 0.000718045 | 0 
2.99805 2.37305 | -0.00237082 -109.957 -6.26836 -0.276355 | 0 
2.87305 2.37305 | -0.00420969 -93.7151 -1.74294 -0.267818 | 0 
2.75195 2.37695 | -0.00560129 -80.5139 8.58824 | 0 
2.74805 2.49805 | -0.00264719 -94.8653 10.1673 | 0 
2.62305 2.36523 | -0.0071326 -66.8158 19.39 | 0 
2.74805 2.24805 | -0.00851242 -65.2022 7.66732 | 0 
2.62305 2.11133 | -0.0124051 -38.4001 16.8509 | 0 
2.75195 2.00195 | -0.0130222 -39.4616 4.83824 | 0 
2.75195 2.12695 | -0.0108611 -52.3645 6.08824 | 0 
2.81445 2.18945 | -0.0089343 -65.9075 0.98737 | 0 
2.87695 2.12695 | -0.00932492 -66.5043 -4.46424 -0.848252 | 0 
2.99805 2.12305 | -0.00761106 -81.8566 -8.76836 -0.881141 | 0 
2.93555 2.06055 | | 0 
3.00195 2.00195 | | 0 
3.06445 2.06445 | | 0 
3.00195 2.12695 | -0.00747629 -82.8142 -8.72938 -0.873806 | 0 
3.12695 2.12695 | -0.00531516 -101.294 -4.20885 -0.845492 | 0 
3.18945 2.18945 | -0.00291965 -118.093 1.32106 | 0 
3.24805 2.12305 | -0.00299582 -120.851 6.04223 | 0 
3.25195 2.00195 | -0.00500266 -109.042 5.19943 | 0 
3.37695 2.11523 | -0.000271274 -143.522 16.8851 | 0 
3.25195 2.25195 | -0.000367892 -135.629 7.69943 | 0 
3.25195 2.31445 | 0.000986111 | 0 
3.31445 2.31445 | 0.00234012 | 0 
3.37695 2.25195 | 0.00241824 | 0 
3.37695 2.37695 | 0.00520437 | 0 
3.24805 2.49805 | 0.00533328 | 0 
3.24414 2.3457 | 0.00152865 | 0 
3.0957 2.35352 | -0.00117118 -121.848 -3.8358 -0.312222 | 0 
3.0293 2.38086 | -0.00167838 -115.285 -5.93864 -0.260102 | 0 
3.00195 2.50195 | 0.000882108 | 0 
3.24023 2.60352 | 0.00801944 | 0 
3.08398 2.67383 | 0.00703598 | 0 
3.08008 2.94727 | 0.0157747 | 0 
3.13867 2.7793 | 0.0112528 | 0 
3.44727 2.79102 | 0.01837 | 0 
3.50195 2.50195 | 0.0114016 | 0 
3.54492 2.67773 | 0.0174251 | 0 
3.66211 2.7832 | 0.023943 | 0 
3.95508 2.50586 | 0.0253557 | 0 
3.70898 2.39648 | 0.0145861 | 0 
3.69727 2.2168 | 0.0102568 | 0 
3.61914 2.07227 | 0.00524807 | 0 
3.74023 2.00195 | 0.00765451 | 0 
3.99805 1.99805 | 0.0161985 | 0 
3.88086 1.74414 | 0.00871377 | 0 
3.86523 1.57617 | 0.00664511 | 0 
3.74805 1.73242 | 0.00429922 | 0 
3.71289 1.62305 | 0.00217807 | 0 
3.67383 1.5293 | 0.000306058 | 0 
3.58398 1.61523 | -0.00162168 -139.461 14.1145 | 0 
3.55664 1.75586 | -0.00100547 -145.349 16.6204 | 0 
3.47852 1.95508 | -0.000452548 -147.364 19.4137 | 0 
3.35352 1.80273 | -0.00556113 -108.469 12.1065 | 0 
3.35352 1.9043 | -0.00423368 -117.881 13.1221 | 0 
3.26758 1.94336 | -0.00557694 -105.996 6.08273 | 0 
3.18945 1.91992 | -0.00752695 -90.4024 -1.37425 -0.883183 | 0 
3.02539 1.86523 | -0.0112619 -59.9932 -11.1577 -0.868696 | 0 
3.13477 1.82227 | -0.00988999 -72.4394 -6.71646 -0.757989 | 0 
3.2207 1.81836 | -0.00825797 -86.1411 0.433977 | 0 
3.23242 1.70117 | -0.00932932 -77.8263 0.35429 | 0 
3.07617 1.69336 | -0.0123892 -52.1134 -11.3827 -0.492776 | 0 
3.0957 1.5918 | -0.0129421 -46.718 -11.453 -0.289487 | 0 
3.18164 1.51367 | -0.0118799 -54.2436 -6.11334 -0.164899 | 0 
3.25977 1.51758 | -0.0102604 -67.7851 1.0914 | 0 
3.27539 1.5957 | -0.00936954 -76.6165 3.33572 | 0 
3.38477 1.65039 | -0.00643479 -101.26 12.7379 | 0 
3.46289 1.49414 | -0.00568589 -104.426 14.5344 | 0 
3.36523 1.33008 | -0.00875309 -73.6628 8.23365 | 0 
3.29102 1.39648 | -0.0102108 -64.4988 2.78369 | 0 
3.22852 1.4668 | -0.0112098 -58.5964 -2.35481 -0.110398 | 0 
3.23242 1.20117 | -0.011841 -41.547 -4.64571 -0.00397157 | 0 
3.29492 1.04883 | -0.0102829 -43.947 -0.338048 -1.28624e-05 | 0 
3.41602 1.16992 | -0.00770401 -73.461 9.65648 | 0 
3.54492 1.02148 | -0.00409317 -91.8346 9.62269 | 0 
3.65039 1.04883 | -0.00123514 -116.653 4.27953 | 0 
3.63477 1.17383 | -0.00190763 -120.034 6.67844 | 0 
3.50586 1.30664 | -0.00533359 -100.156 13.0564 | 0 
3.66602 1.38477 | -0.000666599 -140.69 6.40533 | 0 
3.63867 1.47461 | -0.00104813 -140.837 9.40758 | 0 
3.70117 1.4707 | 0.000767972 | 0 
3.74805 1.33789 | 0.00165463 | 0 
3.75195 1.26758 | 0.00163125 | 0 
3.75586 1.32227 | 0.00185647 | 0 
3.8418 1.42773 | 0.0049736 | 0 
3.96289 1.27148 | 0.00862893 | 0 
3.8457 1.16992 | 0.00459243 | 0 
3.99805 0.998047 | 0.0102376 | 0 
3.85352 0.787109 | 0.00654593 | 0 
3.83398 0.904297 | 0.00507345 | 0 
3.68945 0.951172 | 0.00030386 | 0 
3.7168 0.876953 | 0.00155032 | 0 
3.64648 0.904297 | -0.000702426 -108.702 3.12983 | 0 
3.60742 0.947266 | -0.00205289 -101.864 6.18694 | 0 
3.60742 0.853516 | -0.00149112 -97.6431 5.24944 | 0 
3.60742 0.755859 | -0.000719028 -93.714 4.27288 | 0 
3.63477 0.791016 | -0.000241794 -101.23 2.85032 | 0 
3.6582 0.841797 | 4.66583e-05 | 0 
3.7168 0.755859 | 0.00247934 | 0 
3.67773 0.712891 | 0.00170974 | 0 
3.61133 0.689453 | 2.50519e-05 | 0 
3.52539 0.736328 | -0.00278348 -75.139 7.17359 | 0 
3.58008 0.638672 | -0.000302951 -83.5758 4.53022 | 0 
3.53711 0.525391 | -7.04071e-05 -70.9776 4.84915 | 0 
3.62305 0.517578 | 0.00240762 | 0 
3.66992 0.556641 | 0.00324582 | 0 
3.7207 0.607422 | 0.00413687 | 0 
3.84961 0.744141 | 0.00679019 | 0 
3.99805 0.498047 | 0.0147571 | 0 
3.97461 0.228516 | 0.0184302 | 0 
3.74805 0.248047 | 0.0105266 | 0 
3.57617 0.0957031 | 0.00863321 | 0 
3.50195 0.251953 | 0.00343875 | 0 
3.61914 0.255859 | 0.00655362 | 0 
3.62695 0.376953 | 0.00463601 | 0 
3.62305 0.498047 | 0.00267801 | 0 
3.56055 0.435547 | 0.00185476 | 0 
3.50195 0.439453 | 0.000235135 | 0 
3.49805 0.498047 | -0.000723361 -62.0446 4.97928 | 0 
3.37305 0.498047 | -0.00381223 -37.1219 0.452883 | 0 
3.37305 0.373047 | -0.0019011 -34.3998 -0.797117 -0.267153 | 0 
3.37695 0.251953 | 0.000340115 | 0 
3.49805 0.248047 | 0.0034114 | 0 
3.49805 0.123047 | 0.00594754 | 0 
3.37305 0.123047 | 0.00285867 | 0 
3.29883 0.0566406 | 0.00264694 | 0 
3.25195 0.126953 | 8.03497e-05 | 0 
3.24805 0.248047 | -0.00245383 -9.70631 -12.7078 -0.555085 | 0 
3.24805 0.123047 | 8.23029e-05 | 0 
3.18555 0.0605469 | 0.000196561 | 0 
3.12695 0.0644531 | -0.00101291 11.7001 | 0 
3.12305 0.123047 | -0.00238156 12.0358 | 0 
3.00195 0.251953 | -0.00708078 28.697 | 0 
3.12695 0.384766 | -0.00726151 8.10282 | 0 
3.00195 0.501953 | -0.011196 23.9851 | 0 
3.13867 0.650391 | -0.0106682 -0.615035 -18.1565 -0.0384619 | 0 
3.27148 0.509766 | -0.00625498 -18.7654 -7.88782 -0.126949 | 0 
3.29883 0.779297 | -0.00865586 -32.3322 -2.68105 -0.00532919 | 0 
3.24023 0.978516 | -0.0111886 -30.7555 -6.13879 -5.13425e-07 | 0 
3.11133 0.849609 | -0.0129671 -3.81328 -17.9839 -0.00135513 | 0 
2.99805 0.998047 | -0.0157234 5.92412 | 0 
2.83008 0.970703 | -0.0180042 28.5941 | 0 
2.81445 0.791016 | -0.0170518 38.2925 | 0 
2.86914 0.541016 | -0.0136799 40.2238 | 0 
2.60742 0.619141 | -0.0174661 64.7943 | 0 
2.64258 0.837891 | -0.01923 53.7744 | 0 
2.0332 0.791016 | -0.0205491 84.2808 | 0 
2.41211 0.533203 | -0.0176039 81.0983 | 0 
2.2207 0.248047 | -0.0134336 95.0792 | 0 
2.56445 0.107422 | -0.00923447 77.586 | 0 
2.7793 0.318359 | -0.0113712 55.2923 | 0 
2.92383 0.154297 | -0.00632578 40.1369 | 0 
2.99805 -0.00195312 | -0.0016843 30.8265 | 0 
2.81445 -0.0917969 | -0.00203708 53.7245 | 0 
2.9707 -0.154297 | 0.00178103 | 0 
2.95508 -0.494141 | 0.0119026 | 0 
2.81445 -0.369141 | 0.00589755 | 0 
2.69727 -0.447266 | 0.00710757 | 0 
2.54102 -0.478516 | 0.00683706 | 0 
2.5957 -0.279297 | 0.000949002 | 0 
2.68555 -0.158203 | -0.00169529 66.7372 | 0 
2.49805 -0.00195312 | -0.00716477 82.7742 | 0 
2.24805 -0.251953 | -0.00139524 94.1403 | 0 
2.25195 -0.498047 | 0.00636062 | 0 
2.25586 -0.349609 | 0.00154409 | 0 
2.36914 -0.369141 | 0.00240811 | 0 
2.47852 -0.349609 | 0.0022886 | 0 
2.49805 -0.501953 | 0.00735476 | 0 
2.29883 -0.603516 | 0.0101244 | 0 
2.00586 -0.701172 | 0.0140215 | 0 
2.36523 -0.869141 | 0.0205865 | 0 
2.69336 -0.814453 | 0.0205142 | 0 
2.72852 -0.587891 | 0.0122588 | 0 
3.00195 -0.998047 | 0.0322454 | 0 
3.40039 -0.720703 | 0.0288004 | 0 
3.0332 -0.439453 | 0.0113203 | 0 
3.17773 -0.314453 | 0.00999533 | 0 
3.00977 -0.240234 | 0.00479995 | 0 
3.01367 -0.154297 | 0.00246182 | 0 
3.08789 -0.0917969 | 0.00207089 | 0 
3.24023 -0.0878906 | 0.0049075 | 0 
3.20508 -0.228516 | 0.00800839 | 0 
3.41992 -0.208984 | 0.0122345 | 0 
3.50195 -0.498047 | 0.0232845 | 0 
3.99805 -0.501953 | 0.0387962 | 0 
3.74805 -0.751953 | 0.0395657 | 0 
3.75195 -0.998047 | 0.0498997 | 0 
0.908203 0.904297 | -0.0049382 -3.22302 -18.5317 -1.47366 