877 4
0.251953 -0.748047 | 0.0533977 | 0 
0.00195312 -0.498047 | 0.0546477 | 0 
0.501953 -0.498047 | 0.0351673 | 0 
0.837891 -0.244141 | 0.0169088 | 0 
0.966797 -0.271484 | 0.0143606 | 0 
0.982422 -0.470703 | 0.0202375 | 0 
0.662109 -0.626953 | 0.0345287 | 0 
1.00195 -0.998047 | 0.0401673 | 0 
1.41211 -0.787109 | 0.0231938 | 0 
1.65039 -0.759766 | 0.0189275 | 0 
1.77539 -0.802734 | 0.0194124 | 0 
1.76758 -0.513672 | 0.0087366 | 0 
1.66992 -0.638672 | 0.014117 | 0 
1.50586 -0.525391 | 0.012088 | 0 
1.52148 -0.400391 | 0.00771634 | 0 
1.62305 -0.251953 | 0.00191043 | 0 
1.64648 -0.365234 | 0.00506338 | 0 
1.68164 -0.294922 | 0.00253488 | 0 
1.68555 -0.380859 | 0.00513778 | 0 
1.72852 -0.490234 | 0.0082919 | 0 
1.86914 -0.408203 | 0.00445785 | 0 
1.99023 -0.466797 | 0.00572213 | 0 
1.87695 -0.326172 | 0.0018356 | 0 
1.93945 -0.337891 | 0.00182992 | 0 
1.9082 -0.283203 | 0.000350369 | 0 
1.86133 -0.322266 | 0.00181991 | 0 
1.75977 -0.353516 | 0.00357217 | 0 
1.95117 -0.232422 | -0.00136252 98.4839 | 0 
1.68164 -0.0410156 | -0.00441184 92.9196 | 0 
1.56445 -0.0253906 | -0.00344498 86.8102 | 0 
1.25195 -0.0292969 | 0.00159964 | 0 
1.29883 -0.115234 | 0.00291952 | 0 
1.33789 -0.173828 | 0.00380636 | 0 
1.34961 -0.244141 | 0.00558706 | 0 
1.48242 -0.185547 | 0.00184659 | 0 
1.42383 -0.302734 | 0.00610653 | 0 
1.35742 -0.384766 | 0.0097142 | 0 
1.20117 -0.443359 | 0.0144829 | 0 
1.06836 -0.228516 | 0.0107127 | 0 
1.18945 -0.0917969 | 0.00439944 | 0 
1.12305 -0.0488281 | 0.004694 | 0 
1.00195 0.00195312 | 0.00620633 | 0 
1.12695 0.0371094 | 0.00253744 | 0 
1.20508 0.0839844 | -0.000146396 55.9417 | 0 
1.12695 0.115234 | 0.000781461 | 0 
1.2168 0.166016 | -0.00214188 56.7133 | 0 
1.12695 0.193359 | -0.000852451 46.134 | 0 
1.08789 0.150391 | 0.000884671 | 0 
1.0332 0.138672 | 0.00237832 | 0 
1.06055 0.201172 | 0.00046011 | 0 
1.09961 0.263672 | -0.0016243 41.9631 | 0 
1.05273 0.345703 | -0.00203958 34.6989 | 0 
1.11523 0.427734 | -0.00476889 41.0643 | 0 
1.14258 0.263672 | -0.00255149 47.2083 | 0 
1.41992 0.318359 | -0.00864188 74.0988 | 0 
1.4043 0.123047 | -0.00457029 74.9783 | 0 
1.86914 0.220703 | -0.0118151 97.5931 | 0 
1.5293 0.283203 | -0.00959641 82.6087 | 0 
1.98633 0.716797 | -0.0197086 87.1421 | 0 
1.9668 0.943359 | -0.0212975 77.6753 | 0 
1.58398 0.802734 | -0.017127 71.8718 | 0 
1.29492 0.853516 | -0.0131078 47.2645 | 0 
1.33398 0.615234 | -0.0115807 59.7332 | 0 
1.14258 0.583984 | -0.00752384 40.4204 | 0 
1.12305 0.708984 | -0.00849076 34.0275 | 0 
1.24414 0.810547 | -0.0118466 43.9001 | 0 
1.24414 0.943359 | -0.0127047 38.0766 | 0 
1.0332 0.880859 | -0.00786734 15.6927 | 0 
0.955078 0.943359 | -0.00634305 1.9281 | 0 
0.943359 0.947266 | -0.0060698 0.0332091 | 0 
0.951172 0.958984 | -0.0063234 0.617027 | 0 
0.939453 0.962891 | -0.00604801 -1.28727 -19.2995 -1.47234 | 0 
0.955078 0.990234 | -0.00656168 -0.337834 -19.5047 -1.45694 | 0 
0.916016 0.974609 | -0.00550583 -5.34534 -18.2147 -1.37908 | 0 
0.884766 0.974609 | -0.00469358 -10.118 -16.4925 -1.23904 | 0 
0.892578 0.943359 | -0.00474784 -7.41367 -17.279 -1.38995 | 0 
0.923828 0.939453 | -0.00553501 -2.4911 -18.9211 -1.47492 | 0 
0.904297 0.935547 | -0.00501218 -5.25379 -18.0147 -1.44303 | 0 
0.900391 0.892578 | -0.00466507 -3.8855 -18.2325 -1.46767 | 0 
0.916016 0.888672 | -0.00504459 -1.3422 -19.074 -1.45615 | 0 
0.916016 0.896484 | -0.00509262 -1.69086 -18.9959 -1.46699 | 0 
0.931641 0.892578 | -0.00546756 0.819291 | 0 
0.955078 0.880859 | -0.00598319 4.77844 | 0 
0.943359 0.935547 | -0.00600919 0.584814 | 0 
0.982422 0.884766 | -0.00668131 8.52244 | 0 
0.990234 0.822266 | -0.00643784 12.2896 | 0 
0.919922 0.806641 | -0.00456668 2.72155 | 0 
0.896484 0.763672 | -0.00360465 0.854386 | 0 
0.904297 0.798828 | -0.00410215 0.674248 | 0 
0.884766 0.822266 | -0.00377475 -3.27439 -18.016 -1.34809 | 0 
0.904297 0.837891 | -0.0044003 -0.92411 -18.9913 -1.34611 | 0 
0.912109 0.822266 | -0.00448654 0.909064 | 0 
0.927734 0.830078 | -0.00494498 2.93026 | 0 
0.935547 0.857422 | -0.00533799 2.93594 | 0 
0.919922 0.861328 | -0.00496701 0.441127 | 0 
0.904297 0.857422 | -0.00453794 -1.7519 -18.796 -1.40779 | 0 
0.861328 0.869141 | -0.0034849 -8.92497 -15.968 -1.43876 | 0 
0.849609 0.873047 | -0.00319547 -10.958 -15.0585 -1.41418 | 0 
0.833984 0.849609 | -0.00261228 -12.462 -14.0592 -1.40763 | 0 
0.853516 0.830078 | -0.00300138 -8.50535 -15.7839 -1.41775 | 0 
0.865234 0.771484 | -0.00284775 -4.30283 -17.2232 -1.20846 | 0 
0.826172 0.771484 | -0.00178971 -10.5653 -14.1955 -1.32371 | 0 
0.791016 0.794922 | -0.00100675 -17.3005 -10.8763 -1.36421 | 0 
0.775391 0.763672 | -0.000301059 -18.7235 -9.74883 -1.34001 | 0 
0.755859 0.830078 | -0.000276157 -24.7178 -7.25409 -1.1768 | 0 
0.802734 0.849609 | -0.00174875 -17.5907 -11.3861 -1.31933 | 0 
0.810547 0.923828 | -0.00243149 -19.5864 -11.3339 -1.07093 | 0 
0.771484 0.998047 | -0.00168558 -29.7115 -7.04094 -0.473291 | 0 
0.748047 0.927734 | -0.000677036 -30.3636 -5.54137 -0.678065 | 0 
0.666016 0.923828 | 0.00179379 | 0 
0.619141 0.955078 | 0.00309103 | 0 
0.564453 0.822266 | 0.00567697 | 0 
0.669922 0.810547 | 0.00242813 | 0 
0.732422 0.861328 | 0.000184842 | 0 
0.705078 0.716797 | 0.00218277 | 0 
0.607422 0.693359 | 0.0054299 | 0 
0.607422 0.583984 | 0.0066578 | 0 
0.662109 0.544922 | 0.00544235 | 0 
0.763672 0.556641 | 0.0022695 | 0 
0.783203 0.517578 | 0.00223013 | 0 
0.873047 0.513672 | -0.000181491 5.20746 | 0 
0.869141 0.572266 | -0.000847629 3.00426 | 0 
0.837891 0.595703 | -0.000294833 -2.65615 -16.914 -0.432544 | 0 
0.810547 0.572266 | 0.000746304 | 0 
0.791016 0.626953 | 0.000636197 | 0 
0.763672 0.732422 | 0.000316678 | 0 
0.794922 0.728516 | -0.000534579 -14.1165 -11.8952 -1.25263 | 0 
0.802734 0.705078 | -0.000527011 -11.9732 -12.8314 -1.13713 | 0 
0.822266 0.724609 | -0.00125852 -9.44996 -14.3355 -1.15586 | 0 
0.841797 0.681641 | -0.00136588 -4.77102 -16.3656 -0.8462 | 0 
0.908203 0.626953 | -0.00252878 7.39405 | 0 
0.939453 0.705078 | -0.00416074 9.46331 | 0 
0.990234 0.568359 | -0.00387497 21.1168 | 0 
0.947266 0.466797 | -0.0014307 17.5907 | 0 
0.958984 0.384766 | -0.000452731 21.041 | 0 
0.884766 0.380859 | 0.00150833 | 0 
0.818359 0.466797 | 0.00196518 | 0 
0.783203 0.388672 | 0.00415567 | 0 
0.841797 0.361328 | 0.00298086 | 0 
0.791016 0.271484 | 0.00597378 | 0 
0.904297 0.291016 | 0.00255099 | 0 
0.923828 0.341797 | 0.00115127 | 0 
0.986328 0.330078 | -0.000202365 25.9199 | 0 
0.982422 0.255859 | 0.00123898 | 0 
0.943359 0.220703 | 0.00288168 | 0 
0.919922 0.130859 | 0.00531662 | 0 
0.974609 0.0878906 | 0.00488369 | 0 
0.833984 0.0175781 | 0.0101412 | 0 
0.529297 0.0214844 | 0.0193015 | 0 
0.619141 0.267578 | 0.0111853 | 0 
0.716797 0.470703 | 0.00481765 | 0 
0.275391 0.470703 | 0.01986 | 0 
0.451172 0.0839844 | 0.0205389 | 0 
0.162109 0.337891 | 0.0264623 | 0 
0.248047 0.748047 | 0.0176438 | 0 
0.376953 0.712891 | 0.0131078 | 0 
0.376953 0.794922 | 0.0123759 | 0 
0.357422 0.958984 | 0.0120318 | 0 
0.00195312 1.00195 | 0.0262063 | 0 
0.0175781 1.4668 | 0.0258415 | 0 
0.361328 1.39648 | 0.0116932 | 0 
0.267578 1.13867 | 0.0148802 | 0 
0.447266 1.10352 | 0.00831387 | 0 
0.521484 1.16602 | 0.0056857 | 0 
0.607422 1.21289 | 0.00286471 | 0 
0.662109 1.16602 | 0.00116263 | 0 
0.740234 1.09961 | -0.00109006 -40.4375 -3.0869 -0.0944814 | 0 
0.837891 1.02148 | -0.0036279 -19.8704 -12.6562 -0.716848 | 0 
0.970703 1.20898 | -0.00738748 -10.1141 -17.6571 -0.474249 | 0 
0.826172 1.3418 | -0.0034249 -40.6961 -8.49239 -0.006461 | 0 
0.974609 1.41992 | -0.00700052 -23.4201 -15.6106 -0.027012 | 0 
0.865234 1.4082 | -0.00425052 -38.999 -10.856 -0.00369208 | 0 
0.712891 1.48242 | 0.000412564 | 0 
0.626953 1.39648 | 0.00263083 | 0 
0.693359 1.36914 | 0.000485745 | 0 
0.662109 1.30664 | 0.0012648 | 0 
0.646484 1.35352 | 0.00186978 | 0 
0.564453 1.25586 | 0.00428134 | 0 
0.552734 1.3457 | 0.00484713 | 0 
0.521484 1.46289 | 0.00636526 | 0 
0.552734 1.61523 | 0.00635904 | 0 
0.603516 1.72461 | 0.00573977 | 0 
0.681641 1.68945 | 0.0029498 | 0 
0.626953 1.5957 | 0.00381057 | 0 
0.763672 1.54102 | -0.000706699 -65.5146 -0.879535 -0.000119698 | 0 
0.888672 1.55273 | -0.00405997 -46.042 -10.9517 -0.000199547 | 0 
0.935547 1.70898 | -0.00392093 -51.7004 -11.6978 -9.7206e-06 | 0 
0.962891 1.88477 | -0.00250656 -63.5027 -10.7469 -3.41013e-07 | 0 
0.814453 1.93945 | 0.00216531 | 0 
0.728516 1.98242 | 0.0052745 | 0 
0.732422 1.93555 | 0.00444815 | 0 
0.626953 1.8418 | 0.0063638 | 0 
0.611328 1.92773 | 0.00803476 | 0 
0.298828 1.92773 | 0.0189405 | 0 
0.486328 1.55273 | 0.00811093 | 0 
0.130859 1.58789 | 0.021818 | 0 
0.00195312 2.00195 | 0.0322454 | 0 
0.0214844 2.55664 | 0.043364 | 0 
0.501953 2.50195 | 0.0232845 | 0 
0.826172 2.82227 | 0.0226915 | 0 
0.912109 2.66602 | 0.0155786 | 0 
0.998047 2.49805 | 0.00879617 | 0 
0.904297 2.36914 | 0.00795736 | 0 
0.755859 2.49805 | 0.0152047 | 0 
0.607422 2.3457 | 0.0159894 | 0 
0.748047 2.24805 | 0.0095657 | 0 
0.615234 2.09961 | 0.0107078 | 0 
0.751953 2.00195 | 0.00489969 | 0 
0.755859 2.13086 | 0.00702041 | 0 
0.876953 2.12695 | 0.00359695 | 0 
0.947266 2.18945 | 0.00298361 | 0 
0.998047 2.12305 | 0.000467068 | 0 
1.00195 2.00195 | -0.00171555 -69.3688 -9.97931 -2.4103e-09 | 0 
1.12695 2.12695 | -0.00239328 -66.0295 -4.20487 -3.85643e-05 | 0 
1.24805 2.12305 | -0.0049177 -51.9494 6.04779 | 0 
1.18555 2.06055 | -0.00480344 -52.2112 -0.30297 -0.000195672 | 0 
1.25195 2.00195 | -0.00708078 -39.0547 5.20499 | 0 
1.35352 2.02539 | -0.00852195 -31.5789 14.3374 | 0 
1.37695 2.11914 | -0.00727774 -39.2264 16.9281 | 0 
1.37305 2.2207 | -0.00524314 -50.5846 17.6834 | 0 
1.25195 2.25195 | -0.00244602 -65.6416 7.70499 | 0 
1.35352 2.2793 | -0.00368582 -58.9036 16.8765 | 0 
1.37695 2.37695 | -0.00187375 -68.2051 19.5062 | 0 
1.43945 2.43945 | -0.00135324 -70.5936 23.3224 | 0 
1.37305 2.49805 | 0.00118777 | 0 
1.36914 2.44336 | -0.000137302 -76.8879 19.6434 | 0 
1.31836 2.42773 | 0.000346219 | 0 
1.24805 2.49805 | 0.0034114 | 0 
1.17383 2.43945 | 0.00339273 | 0 
1.22852 2.38477 | 0.000974515 | 0 
1.19727 2.36523 | 0.00113247 | 0 
1.22852 2.33789 | -0.00011423 -77.9758 6.36163 | 0 
1.19727 2.2832 | -0.000711948 -75.0742 2.95383 | 0 
1.17383 2.27148 | -0.000488925 -76.391 0.808185 | 0 
1.14648 2.27539 | 0.000163602 | 0 
1.12695 2.29492 | 0.00100284 | 0 
1.1582 2.36914 | 0.00202231 | 0 
1.07227 2.25195 | 0.0012839 | 0 
1.06055 2.35352 | 0.00378952 | 0 
1.00195 2.50195 | 0.00880398 | 0 
1.13477 2.58789 | 0.00810965 | 0 
1.00977 2.74414 | 0.0155103 | 0 
1.14648 2.89258 | 0.0172472 | 0 
1.25195 2.75195 | 0.0105735 | 0 
1.38867 2.9043 | 0.0131288 | 0 
1.49805 2.74805 | 0.00639187 | 0 
1.37305 2.74023 | 0.00806173 | 0 
1.37305 2.62305 | 0.00458914 | 0 
1.30664 2.54492 | 0.00356906 | 0 
1.37695 2.50195 | 0.00122488 | 0 
1.43945 2.56445 | 0.00190164 | 0 
1.50195 2.50195 | -0.000676486 -73.72 25.0184 | 0 
1.62695 2.50195 | -0.00226535 -66.1584 20.4949 | 0 
1.68945 2.56445 | -0.0012761 -71.1077 16.2141 | 0 
1.68555 2.62305 | 0.000397244 | 0 
1.62695 2.62695 | 0.00114578 | 0 
1.69727 2.66992 | 0.00163412 | 0 
1.6543 2.7207 | 0.0036033 | 0 
1.50195 2.75195 | 0.00645828 | 0 
1.63086 2.89648 | 0.0095198 | 0 
1.74414 2.8457 | 0.00666147 | 0 
1.75195 2.75195 | 0.00359305 | 0 
1.76367 2.86523 | 0.00713388 | 0 
1.88867 2.88086 | 0.00672213 | 0 
1.9707 2.85352 | 0.00536691 | 0 
1.91992 2.7832 | 0.00334976 | 0 
1.99805 2.74805 | 0.00187234 | 0 
1.99805 2.68164 | -0.00013956 -79.7802 -3.18246 -0.00118205 | 0 
1.93945 2.68555 | 0.000247342 | 0 
1.87305 2.74805 | 0.00253347 | 0 
1.81055 2.68555 | 0.00108523 | 0 
1.7793 2.6543 | 0.000419705 | 0 
1.81445 2.62695 | -0.000651584 -74.9129 5.35982 | 0 
1.87305 2.62305 | -0.00118039 -73.1286 0.75507 | 0 
1.87695 2.50195 | -0.00450559 -57.5457 -0.716185 -0.00841324 | 0 
1.99805 2.49805 | -0.00524289 -56.0062 -5.01839 -0.0159966 | 0 
1.87305 2.37305 | -0.00767063 -41.903 -1.74493 -0.0290157 | 0 
1.75195 2.37695 | -0.00664035 -45.5204 8.58546 | 0 
1.74805 2.49805 | -0.00360813 -60.4143 10.1645 | 0 
1.63477 2.47461 | -0.00305881 -62.3559 19.6821 | 0 
1.61914 2.37305 | -0.00536563 -50.857 19.72 | 0 
1.65039 2.2793 | -0.00783048 -38.3678 16.5797 | 0 
1.74805 2.24805 | -0.00947336 -30.7512 7.66454 | 0 
1.62695 2.2207 | -0.00879782 -32.9522 17.6824 | 0 
1.62305 2.11523 | -0.0107947 -21.723 16.8881 | 0 
1.6543 2.0293 | -0.0126447 -11.2505 13.7787 | 0 
1.75195 2.00195 | -0.0140613 -4.46813 4.83546 | 0 
1.81445 2.06055 | -0.0136081 -8.53714 -0.304247 -0.216955 | 0 
1.75195 2.12695 | -0.0119001 -17.371 6.08546 | 0 
1.81445 2.18945 | -0.0112234 -22.2334 0.984815 | 0 
1.87695 2.12695 | -0.012864 -14.1497 -4.46618 -0.204189 | 0 
1.99805 2.12305 | -0.013572 -12.6835 -8.76839 -0.358579 | 0 
1.93555 2.06055 | -0.0143952 -6.43482 -8.18104 -0.383166 | 0 
1.99805 1.99805 | -0.0157234 0.194952 | 0 
1.96289 1.89648 | -0.0170869 9.98804 | 0 
1.88477 1.95898 | -0.0157457 3.13736 | 0 
1.81836 1.94727 | -0.0154594 2.91271 | 0 
1.7832 1.93164 | -0.0154098 3.45516 | 0 
1.85352 1.89648 | -0.0164486 8.59356 | 0 
1.76758 1.83398 | -0.0166108 12.1611 | 0 
1.89258 1.81836 | -0.0177312 16.5379 | 0 
1.94727 1.69727 | -0.0193885 27.7891 | 0 
1.95508 1.60742 | -0.0202402 35.2647 | 0 
1.7793 1.63086 | -0.0188737 30.1248 | 0 
1.77148 1.72852 | -0.0178705 21.6795 | 0 
1.73633 1.67383 | -0.018105 25.1295 | 0 
1.68164 1.57227 | -0.0184272 31.1611 | 0 
1.50195 1.57227 | -0.0162415 20.9738 | 0 
1.59961 1.74023 | -0.0159768 13.1568 | 0 
1.56055 1.77539 | -0.0151003 7.78866 | 0 
1.57617 1.81836 | -0.0147847 4.8649 | 0 
1.58008 1.77148 | -0.015391 9.30063 | 0 
1.70117 1.76758 | -0.0167903 15.6904 | 0 
1.7207 1.86523 | -0.0157774 7.60538 | 0 
1.64648 1.90039 | -0.0145307 1.03419 | 0 
1.68945 1.88477 | -0.0152044 4.49429 | 0 
1.68945 1.91992 | -0.0147105 1.15032 | 0 
1.7168 1.98242 | -0.0140433 -3.81964 7.9308 | 0 
1.62695 1.95898 | -0.0134556 -5.60466 15.0652 | 0 
1.52148 1.95117 | -0.0122536 -11.078 19.3752 | 0 
1.43555 1.78711 | -0.0132091 -1.96951 16.6581 | 0 
1.31445 1.79102 | -0.0111651 -12.8305 8.82115 | 0 
1.3457 1.88086 | -0.0105661 -18.1703 12.2955 | 0 
1.29102 1.99023 | -0.00799277 -33.9327 8.72656 | 0 
1.23242 1.94336 | -0.00761209 -35.3312 2.78169 | 0 
1.11133 1.95508 | -0.00494651 -50.4012 -6.92558 -2.64882e-05 | 0 
1.17383 1.63086 | -0.0101133 -13.8926 -5.59807 -0.020674 | 0 
1.00586 1.60742 | -0.00658036 -33.2282 -13.9155 -0.000985244 | 0 
1.13086 1.53711 | -0.00993296 -11.5263 -9.83666 -0.0513412 | 0 
1.2793 1.55273 | -0.0127788 3.65505 | 0 
1.33789 1.56445 | -0.0137394 8.36849 | 0 
1.28711 1.60742 | -0.0125064 0.1123 | 0 
1.27148 1.56836 | -0.0125217 1.64962 | 0 
1.27148 1.59961 | -0.0122817 -0.825352 3.01612 | 0 
1.25586 1.63867 | -0.0116617 -5.58567 1.9402 | 0 
1.2832 1.70898 | -0.0115042 -8.69609 5.19778 | 0 
1.37305 1.7207 | -0.0129502 -1.31702 12.6834 | 0 
1.31445 1.63477 | -0.0127679 0.551414 | 0 
1.41602 1.6582 | -0.0142542 7.57588 | 0 
1.39648 1.72852 | -0.0132503 0.0120163 | 0 
1.45898 1.74023 | -0.0140904 3.96336 | 0 
1.43945 1.67383 | -0.0144706 8.13715 | 0 
1.39648 1.60742 | -0.0143837 10.111 | 0 
1.49414 1.5293 | -0.0164333 23.7609 | 0 
1.48633 1.43164 | -0.0168702 30.4366 | 0 
1.43555 1.3457 | -0.0164438 32.6016 | 0 
1.29883 1.34961 | -0.0141551 20.3221 | 0 
1.30273 1.48242 | -0.0136515 11.2982 | 0 
1.23242 1.41211 | -0.012688 9.23367 | 0 
1.14648 1.4668 | -0.0106892 -4.37684 -9.41336 -0.180295 | 0 
1.0918 1.38086 | -0.00989176 -4.94938 -13.7638 -0.271733 | 0 
1.05664 1.35352 | -0.00919162 -7.60059 -15.5243 -0.250183 | 0 
1.07227 1.25195 | -0.00975516 1.04512 | 0 
1.11133 1.26367 | -0.0106074 5.23544 | 0 
1.13477 1.29492 | -0.0110627 6.0912 | 0 
1.23633 1.30664 | -0.0130996 16.8176 | 0 
1.22461 1.18555 | -0.012984 23.1098 | 0 
1.13477 1.20898 | -0.011152 11.4707 | 0 
1.10742 1.24023 | -0.0105465 6.21938 | 0 
1.04883 1.23242 | -0.00923752 -0.799921 -16.9748 -0.754433 | 0 
1.04883 1.16992 | -0.00923899 2.95374 | 0 
1.08008 1.13867 | -0.00992014 8.81786 | 0 
1.06055 1.10742 | -0.00943076 8.05069 | 0 
1.06836 1.00977 | -0.009332 14.2347 | 0 
1.18945 1.05664 | -0.0120824 26.4637 | 0 
1.39258 1.14648 | -0.0159521 41.517 | 0 
1.57227 1.08789 | -0.0184338 57.707 | 0 
1.65039 1.24414 | -0.0194598 52.8149 | 0 
1.52148 1.44727 | -0.0172848 31.7344 | 0 
1.7168 1.27148 | -0.020114 54.0135 | 0 
1.88867 1.49805 | -0.0206424 43.0357 | 0 
1.86914 1.20508 | -0.0214051 62.5055 | 0 
2.00195 1.00195 | -0.0217155 74.902 | 0 
2.12305 1.31055 | -0.0223186 56.0102 | 0 
2.19336 1.44727 | -0.0218882 45.0392 | 0 
2.37305 1.31445 | -0.0220696 47.1412 | 0 
2.45508 1.4707 | -0.0211165 31.5441 | 0 
2.38086 1.14648 | -0.0221443 57.0662 | 0 
2.30664 1.0293 | -0.0220949 66.9839 | 0 
2.54883 1.12305 | -0.021224 47.5516 | 0 
2.72461 1.10352 | -0.0196548 33.0939 | 0 
2.76758 1.00977 | -0.0189167 33.5943 | 0 
2.9043 1.00977 | -0.0171778 17.7209 | 0 
2.88477 1.08398 | -0.0176764 16.2626 | 0 
2.97852 1.14258 | -0.0164062 0.870323 | 0 
2.9082 1.23633 | -0.0174713 4.50726 | 0 
2.77539 1.14258 | -0.0191563 25.6108 | 0 
2.81836 1.32227 | -0.0185268 9.78256 | 0 
2.98242 1.30664 | -0.0162644 -9.70724 -16.8418 -0.0238071 | 0 
2.98633 1.38477 | -0.0159755 -15.4979 -16.0967 -0.0582638 | 0 
2.86133 1.43164 | -0.0175899 -2.75974 -10.3387 -0.087775 | 0 
2.70117 1.46289 | -0.0192972 12.357 | 0 
2.69727 1.35742 | -0.0197795 20.1727 | 0 
2.59961 1.36914 | -0.020617 28.1689 | 0 
2.51758 1.38867 | -0.0211355 33.1865 | 0 
2.50195 1.50195 | -0.0206765 26.1064 | 0 
2.60742 1.58008 | -0.0193955 11.9615 | 0 
2.54883 1.68164 | -0.0189634 8.3846 | 0 
2.55664 1.74414 | -0.0182672 2.43206 | 0 
2.61133 1.74023 | -0.0178896 -1.66331 13.8814 | 0 
2.57227 1.6543 | -0.0190503 8.84033 | 0 
2.6582 1.66602 | -0.0182288 0.524288 | 0 
2.65039 1.72852 | -0.0176782 -4.06971 11.0742 | 0 
2.70898 1.73633 | -0.0170329 -10.2777 6.18884 | 0 
2.74414 1.5957 | -0.0179733 -2.11124 1.5119 | 0 
2.73242 1.5918 | -0.0181302 -0.598335 2.57402 | 0 
2.70117 1.58398 | -0.0185138 3.13303 | 0 
2.66211 1.60742 | -0.0187046 4.9612 | 0 
2.67383 1.54492 | -0.0190652 8.79955 | 0 
2.75195 1.50195 | -0.0185417 4.3372 | 0 
2.81445 1.56445 | -0.0173962 -7.25269 -5.26263 -0.233171 | 0 
2.87695 1.50195 | -0.0170056 -9.80261 -10.7142 -0.157211 | 0 
2.87695 1.62695 | -0.0160945 -19.5804 -9.46424 -0.349334 | 0 
2.87305 1.74805 | -0.0149665 -29.323 -7.99294 -0.602982 | 0 
2.81055 1.68555 | -0.0164148 -16.6508 -3.71155 -0.449008 | 0 
2.75195 1.75195 | -0.016407 -15.9997 2.33824 | 0 
2.75195 1.79883 | -0.0158675 -20.1608 2.80699 | 0 
2.79492 1.82617 | -0.0150398 -27.2546 -0.913287 -0.732591 | 0 
2.8457 1.75195 | -0.0152842 -26.4011 -5.96393 -0.602599 | 0 
2.9043 1.83789 | -0.0134706 -41.2344 -8.98812 -0.803806 | 0 
2.99414 1.89648 | -0.0113425 -58.5494 -11.0249 -0.920282 | 0 
2.93164 1.96289 | -0.011327 -56.5981 -9.00725 -0.980074 | 0 
2.85352 1.91992 | -0.0130463 -42.742 -4.88101 -0.912157 | 0 
2.83008 1.88086 | -0.0138943 -36.2901 -3.42153 -0.847309 | 0 
2.79102 1.93555 | -0.0135967 -37.1103 0.535282 | 0 
2.75977 1.93945 | -0.0138987 -34.1233 3.47752 | 0 
2.68945 1.99414 | -0.0137978 -32.425 10.5136 | 0 
2.69336 1.88867 | -0.0153233 -22.5623 9.11546 | 0 
2.64258 1.82227 | -0.0166691 -11.6904 12.5975 | 0 
2.54492 1.84961 | -0.0170904 -6.14719 17.9032 | 0 
2.49805 1.99805 | -0.0152429 -17.0305 19.9793 | 0 
2.37305 1.99805 | -0.0158318 -9.46895 15.4549 | 0 
2.31055 1.93555 | -0.0169675 -0.355721 9.92378 | 0 
2.31445 1.87695 | -0.0177863 5.05945 | 0 
2.37305 1.87305 | -0.0176706 2.62822 | 0 
2.31055 1.83789 | -0.0183087 8.85677 | 0 
2.36914 1.75586 | -0.0191241 13.4611 | 0 
2.43945 1.81836 | -0.0181029 3.92818 | 0 
2.49805 1.74805 | -0.0186081 6.38256 | 0 
2.4082 1.7168 | -0.0193957 14.7437 | 0 
2.49414 1.66992 | -0.0194265 13.3274 | 0 
2.40039 1.60742 | -0.0204385 24.272 | 0 
2.25195 1.5957 | -0.0209072 31.9349 | 0 
2.24805 1.74805 | -0.0194734 19.3356 | 0 
2.22852 1.62695 | -0.020669 30.1992 | 0 
2.13086 1.61914 | -0.0206954 33.2704 | 0 
2.00977 1.63477 | -0.0202479 33.1819 | 0 
2.00195 1.75195 | -0.0190613 23.2662 | 0 
2.1543 1.75977 | -0.0193457 20.9273 | 0 
2.12695 1.87695 | -0.017864 10.8069 | 0 
2.18945 1.93945 | -0.017031 3.47051 | 0 
2.12305 1.99805 | -0.016072 -0.856209 -5.75622 -0.392368 | 0 
2.00195 2.00195 | -0.0156765 -0.195673 -9.97935 -0.457742 | 0 
2.00195 2.18945 | -0.0123176 -19.8429 -8.10435 -0.263918 | 0 
2.0918 2.1543 | -0.0132761 -16.6101 -6.03092 -0.387988 | 0 
2.18945 2.18945 | -0.0127087 -22.3352 1.32364 | 0 
2.2207 2.16992 | -0.0130882 -21.0967 3.95233 | 0 
2.23242 2.07227 | -0.014881 -11.1085 4.06799 | 0 
2.16992 2.00586 | -0.0159969 -2.5919 -2.17519 -0.383412 | 0 
2.25195 2.02539 | -0.0156603 -6.96354 5.43658 | 0 
2.26758 2.11523 | -0.0140778 -16.8275 7.80425 | 0 
2.37695 2.00195 | -0.0157556 -10.063 15.7543 | 0 
2.43945 2.12695 | -0.0133342 -26.5093 20.1964 | 0 
2.31445 2.18164 | -0.0127328 -25.8556 12.7248 | 0 
2.36523 2.31445 | -0.00980692 -43.181 18.0795 | 0 
2.37695 2.37695 | -0.00833469 -51.1153 19.5043 | 0 
2.36523 2.40039 | -0.0078176 -53.3105 18.9389 | 0 
2.25977 2.4707 | -0.00631742 -57.2953 10.6254 | 0 
2.18555 2.43555 | -0.00723215 -50.688 3.44448 | 0 
2.18945 2.4043 | -0.00799558 -47.0086 3.47208 | 0 
2.2168 2.3418 | -0.00946018 -40.3643 5.31003 | 0 
2.12695 2.31445 | -0.0100266 -35.0366 -2.33186 -0.199757 | 0 
2.00195 2.37695 | -0.00825559 -41.2479 -6.22935 -0.0603677 | 0 
2.00195 2.56445 | -0.00349045 -64.4108 -4.35435 -0.00704211 | 0 
2.0918 2.5293 | -0.00471262 -60.5188 -2.28092 -0.018488 | 0 
2.18945 2.56445 | -0.00388156 -66.903 5.07364 | 0 
2.18555 2.5918 | -0.00312693 -70.3261 5.00698 | 0 
2.1582 2.6582 | -0.00121897 -78.3892 3.40121 | 0 
2.2168 2.68555 | -0.000428683 -83.568 8.74753 | 0 
2.23633 2.70508 | 0.000165799 | 0 
2.18555 2.74805 | 0.00146658 | 0 
2.0957 2.6543 | -0.00124143 -76.7683 -0.826414 -0.00294584 | 0 
2.00195 2.75195 | 0.00197781 | 0 
2.05273 2.93164 | 0.00770266 | 0 
2.16211 2.95898 | 0.00845462 | 0 
2.20117 2.82617 | 0.00394436 | 0 
2.18164 2.76758 | 0.00207638 | 0 
2.37305 2.76367 | 0.00225015 | 0 
2.27539 2.86914 | 0.00541714 | 0 
2.38867 2.91602 | 0.00730307 | 0 
2.41602 2.83398 | 0.00466568 | 0 
2.43945 2.73633 | 0.00167642 | 0 
2.40039 2.66211 | -0.000720798 -88.3035 23.7769 | 0 
2.35742 2.65039 | -0.00121585 -84.4858 20.8755 | 0 
2.54102 2.58398 | -0.00218296 -87.2506 25.3451 | 0 
2.70117 2.60352 | -0.000289706 -103.599 15.5678 | 0 
2.65039 2.64258 | 0.000338834 | 0 
2.74805 2.64648 | 0.00142672 | 0 
2.65039 2.74414 | 0.00337222 | 0 
2.55664 2.63477 | -0.000642551 -95.067 25.4085 | 0 
2.55664 2.78711 | 0.00396109 | 0 
2.54883 2.93945 | 0.00897378 | 0 
2.74805 2.91211 | 0.00981674 | 0 
2.75195 2.75195 | 0.00463211 | 0 
2.81055 2.96289 | 0.0123055 | 0 
2.97852 2.86914 | 0.0114212 | 0 
2.89648 2.65039 | 0.00338723 | 0 
2.7793 2.73633 | 0.00445889 | 0 
2.87305 2.62305 | 0.00228055 | 0 
2.7793 2.5918 | 0.000226834 | 0 
2.7793 2.56055 | -0.000633273 -106.084 7.86268 | 0 
2.81836 2.50195 | -0.0017255 -103.002 3.77579 | 0 
2.87305 2.5293 | -0.000299777 -112.865 -0.180441 -0.0614824 | 0 
2.9082 2.5332 | 0.000289822 | 0 
2.93945 2.56445 | 0.00158523 | 0 
2.93555 2.49805 | -0.000240451 -116.787 -3.80494 -0.0883663 | 0 
2.99805 2.37305 | -0.00237082 -109.957 -6.26836 -0.276355 | 0 
2.87695 2.31445 | -0.00549729 -87.3234 -2.58924 -0.398034 | 0 
2.8418 2.3418 | -0.00534397 -86.3102 0.240638 | 0 
2.81055 2.31055 | -0.00643918 -79.0897 2.53845 | 0 
2.79102 2.33008 | -0.00623624 -79.1834 4.48059 | 0 
2.79492 2.37695 | -0.00510849 -85.1297 4.59453 | 0 
2.74805 2.49805 | -0.00264719 -94.8653 10.1673 | 0 
2.54102 2.4668 | -0.00528934 -72.4534 24.1732 | 0 
2.60352 2.26367 | -0.00955777 -53.3991 19.5757 | 0 
2.70117 2.18164 | -0.0103521 -53.1307 11.349 | 0 
2.62305 2.12305 | -0.0121902 -39.6407 16.9681 | 0 
2.58398 2.00977 | -0.0144684 -24.6621 18.0584 | 0 
2.70508 2.08008 | -0.0122036 -42.6914 9.98113 | 0 
2.68945 2.01758 | -0.01342 -34.7756 10.748 | 0 
2.75586 2.05664 | -0.0120719 -45.4195 5.01709 | 0 
2.81445 2.02539 | -0.0119118 -48.62 -0.653255 -0.930455 | 0 
2.85742 2.10742 | -0.00994382 -62.0843 -3.29627 -0.873173 | 0 
2.79883 2.0918 | -0.010961 -53.7047 1.39066 | 0 
2.75195 2.12695 | -0.0108611 -52.3645 6.08824 | 0 
2.7832 2.2207 | -0.00868039 -65.8858 4.10317 | 0 
2.81445 2.2207 | -0.00830612 -69.3529 1.29987 | 0 
2.87305 2.18555 | -0.00825705 -72.3467 -3.61794 -0.721619 | 0 
2.93945 2.18945 | -0.00724192 -81.1324 -7.03183 -0.729832 | 0 
2.93164 2.11523 | -0.00877048 -72.13 -7.48381 -0.887016 | 0 
3.00195 2.00195 | -0.00963742 -69.9114 -9.97938 -0.999962 | 0 
3.07227 2.06055 | -0.00748612 -85.9903 -7.87626 -0.960291 | 0 
3.00195 2.11133 | -0.00776352 -81.1586 -8.88563 -0.902007 | 0 
3.06055 2.19336 | -0.00522696 -98.3789 -6.99535 -0.720077 | 0 
3.12695 2.12695 | -0.00531516 -101.294 -4.20885 -0.845492 | 0 
3.12695 2.18945 | -0.0041174 -108.039 -3.58385 -0.711323 | 0 
3.18945 2.18945 | -0.00291965 -118.093 1.32106 | 0 
3.24805 2.12305 | -0.00299582 -120.851 6.04223 | 0 
3.18555 2.12305 | -0.00426682 -110.289 0.316921 | 0 
3.1543 2.0918 | -0.00544016 -101.918 -2.57123 -0.888233 | 0 
3.18555 2.06055 | -0.00538156 -103.752 -0.308079 -0.903867 | 0 
3.18945 2.00195 | -0.00627854 -98.4453 -0.553942 -0.928451 | 0 
3.2207 2.0332 | -0.00513938 -106.828 2.58241 | 0 
3.25195 2.00195 | -0.00500266 -109.042 5.19943 | 0 
3.35352 2.02539 | -0.00238132 -129.778 14.333 | 0 
3.37695 2.11914 | -0.000199619 -143.936 16.9242 | 0 
3.44336 2.13086 | 0.00162442 | 0 
3.44727 2.19727 | 0.0030021 | 0 
3.37305 2.2207 | 0.00167874 | 0 
3.35742 2.18555 | 0.00060928 | 0 
3.29883 2.17383 | -0.000942355 -135.288 11.2643 | 0 
3.25195 2.25195 | -0.000367892 -135.629 7.69943 | 0 
3.2832 2.2832 | 0.00096658 | 0 
3.25195 2.31445 | 0.000986111 | 0 
3.31445 2.31445 | 0.00234012 | 0 
3.37695 2.25195 | 0.00241824 | 0 
3.44727 2.29883 | 0.00513095 | 0 
3.37695 2.37695 | 0.00520437 | 0 
3.37695 2.49805 | 0.00820144 | 0 
3.24805 2.49805 | 0.00533328 | 0 
3.16992 2.41992 | 0.00178958 | 0 
3.24414 2.34961 | 0.00161831 | 0 
3.22852 2.30273 | 0.000238675 | 0 
3.20117 2.26367 | -0.00116257 -128.301 3.10278 | 0 
3.16602 2.29492 | -0.0011796 -126.083 0.392743 | 0 
3.09961 2.35742 | -0.00101078 -122.904 -3.58484 -0.303313 | 0 
3.02539 2.38086 | -0.00174301 -114.728 -6.00149 -0.260214 | 0 
3.07227 2.45117 | 0.000762784 | 0 
3.06055 2.48633 | 0.00145181 | 0 
3.00195 2.50195 | 0.000882108 | 0 
3.12305 2.57617 | 0.00495865 | 0 
3.24805 2.60742 | 0.00829239 | 0 
3.08398 2.67383 | 0.00703598 | 0 
3.08008 2.95117 | 0.0159114 | 0 
3.13867 2.7793 | 0.0112528 | 0 
3.44727 2.79102 | 0.01837 | 0 
3.50195 2.50195 | 0.0114016 | 0 
3.5918 2.67383 | 0.0185927 | 0 
3.68555 2.80273 | 0.0252561 | 0 
3.95508 2.50586 | 0.0253557 | 0 
3.7168 2.39258 | 0.0147292 | 0 
3.54102 2.36914 | 0.00915213 | 0 
3.69336 2.20508 | 0.00990304 | 0 
3.61914 2.08398 | 0.00545388 | 0 
3.63086 2.0293 | 0.00485092 | 0 
3.74414 2.00977 | 0.00790091 | 0 
3.82617 2.15039 | 0.0129768 | 0 
3.99805 1.99805 | 0.0161985 | 0 
3.81055 1.86133 | 0.00781216 | 0 
3.88086 1.7207 | 0.0084642 | 0 
3.86523 1.56445 | 0.00655832 | 0 
3.80273 1.67773 | 0.00546988 | 0 
3.74805 1.73242 | 0.00429922 | 0 
3.6543 1.67383 | 0.000894925 | 0 
3.71289 1.61914 | 0.00214517 | 0 
3.73633 1.52148 | 0.00213656 | 0 
3.67383 1.5293 | 0.000306058 | 0 
3.66211 1.57227 | 0.000263455 | 0 
3.58398 1.61133 | -0.00165396 -139.146 14.0754 | 0 
3.50195 1.66602 | -0.00337747 -126.047 16.6591 | 0 
3.55664 1.75977 | -0.000961887 -145.692 16.6595 | 0 
3.50977 1.87305 | -0.000815219 -145.999 18.7025 | 0 
3.57617 1.86914 | 0.000915982 | 0 
3.63477 1.79883 | 0.00167148 | 0 
3.74414 1.82617 | 0.00526461 | 0 
3.64258 1.93164 | 0.0036633 | 0 
3.74414 1.9668 | 0.00722348 | 0 
3.57227 1.97461 | 0.00233133 | 0 
3.60742 1.89648 | 0.00215927 | 0 
3.5332 1.89648 | 0.000125211 | 0 
3.48242 1.95508 | -0.000352512 -148.168 19.4589 | 0 
3.44727 1.8418 | -0.00282425 -130.262 17.6005 | 0 
3.33398 1.83398 | -0.00562143 -107.665 10.8891 | 0 
3.28711 1.92773 | -0.00538596 -107.949 7.73906 | 0 
3.36914 1.97461 | -0.00283091 -127.654 14.9518 | 0 
3.27148 1.93945 | -0.0055513 -106.306 6.40905 | 0 
3.23633 1.9707 | -0.00582041 -103.238 3.41596 | 0 
3.19727 1.95508 | -0.00685318 -95.1031 -0.332677 -0.908029 | 0 
3.15039 1.89648 | -0.00861667 -81.819 -4.82528 -0.87859 | 0 
3.09961 1.96289 | -0.00858701 -80.2916 -7.53015 -0.969408 | 0 
3.0957 1.81445 | -0.0107016 -65.6786 -9.22642 -0.756097 | 0 
3.1582 1.79102 | -0.00982547 -73.3486 -5.273 -0.683376 | 0 
3.22461 1.69336 | -0.00956772 -75.8303 -0.453325 -0.448913 | 0 
3.07617 1.59961 | -0.0132264 -44.3956 -12.3202 -0.305158 | 0 
3.15039 1.54492 | -0.0122779 -51.5723 -8.3409 -0.209495 | 0 
3.22461 1.5918 | -0.0104667 -67.4891 -1.46895 -0.265536 | 0 
3.2832 1.52539 | -0.00970792 -72.5183 3.35641 | 0 
3.35352 1.62305 | -0.00740433 -93.0796 10.3096 | 0 
3.29492 1.6582 | -0.00841196 -85.187 5.7557 | 0 
3.42773 1.6582 | -0.00532718 -110.298 15.0601 | 0 
3.43945 1.5918 | -0.00560251 -107.236 14.8438 | 0 
3.4668 1.49805 | -0.00556394 -105.513 14.6542 | 0 
3.49805 1.32227 | -0.00550125 -99.553 13.2215 | 0 
3.36523 1.33398 | -0.00874277 -73.9229 8.27272 | 0 
3.27539 1.30273 | -0.0108298 -55.3877 0.40603 | 0 
3.26367 1.35742 | -0.0109382 -56.9584 -0.143014 -0.037726 | 0 
3.29492 1.39648 | -0.0101254 -65.2002 3.13851 | 0 
3.33008 1.47852 | -0.00895352 -77.5049 7.01406 | 0 
3.22852 1.4668 | -0.0112098 -58.5964 -2.35481 -0.110398 | 0 
3.07617 1.3457 | -0.0146109 -25.6997 -14.8593 -0.0378268 | 0 
3.23242 1.19727 | -0.011841 -41.3128 -4.68477 -0.00367242 | 0 
3.29492 1.04883 | -0.0102829 -43.947 -0.338048 -1.28624e-05 | 0 
3.30664 1.1582 | -0.010236 -52.099 1.80426 | 0 
3.33789 1.22461 | -0.00954599 -61.7939 5.11118 | 0 
3.41992 1.16992 | -0.00760886 -74.2303 9.83803 | 0 
3.4707 1.0918 | -0.00623606 -80.0066 10.6637 | 0 
3.54492 1.01758 | -0.00407907 -91.6355 9.58363 | 0 
3.58398 1.0957 | -0.00323709 -104.251 8.91919 | 0 
3.6543 1.04883 | -0.00112168 -117.549 3.97862 | 0 
3.66602 1.00586 | -0.000631076 -118.044 2.61627 | 0 
3.7168 1.02148 | 0.000825406 | 0 
3.74023 1.0293 | 0.00151461 | 0 
3.74414 1.08789 | 0.00146939 | 0 
3.69727 1.09961 | 1.88263e-05 | 0 
3.66992 1.06445 | -0.000709567 -121.982 2.88196 | 0 
3.64258 1.17773 | -0.00168473 -122.042 6.15434 | 0 
3.66992 1.14258 | -0.000860324 -126.293 3.66321 | 0 
3.74414 1.13867 | 0.00138131 | 0 
3.74414 1.18945 | 0.00134482 | 0 
3.7168 1.22852 | 0.000514859 | 0 
3.68164 1.19727 | -0.000547336 -132.219 3.22398 | 0 
3.57617 1.24805 | -0.00353842 -111.463 10.7974 | 0 
3.50977 1.30664 | -0.00523142 -100.974 13.0385 | 0 
3.55273 1.38867 | -0.00384513 -115.64 13.0725 | 0 
3.66602 1.38867 | -0.000652011 -140.961 6.4444 | 0 
3.63477 1.47461 | -0.00116037 -139.949 9.68625 | 0 
3.70117 1.4707 | 0.000767972 | 0 
3.7168 1.43164 | 0.0010433 | 0 
3.74414 1.33789 | 0.00153384 | 0 
3.69336 1.3457 | 1.35162e-05 | 0 
3.6543 1.37305 | -0.00105075 -137.18 7.22081 | 0 
3.6582 1.30664 | -0.00112271 -133.63 6.25073 | 0 
3.68945 1.27539 | -0.000258456 -138.877 3.32867 | 0 
3.74023 1.2832 | 0.00129245 | 0 
3.75195 1.26758 | 0.00163125 | 0 
3.81836 1.30273 | 0.00379641 | 0 
3.75195 1.31445 | 0.00171658 | 0 
3.76758 1.49023 | 0.00291537 | 0 
3.8457 1.43555 | 0.00513821 | 0 
3.97852 1.41992 | 0.00961483 | 0 
3.96289 1.27148 | 0.00862893 | 0 
3.91992 1.20898 | 0.00708212 | 0 
3.8457 1.16992 | 0.00459243 | 0 
3.84961 1.05664 | 0.00491763 | 0 
3.99805 0.998047 | 0.0102376 | 0 
3.94727 0.814453 | 0.00951584 | 0 
3.86523 0.791016 | 0.00690274 | 0 
3.8418 0.888672 | 0.00542422 | 0 
3.79102 0.994141 | 0.00323709 | 0 
3.68945 0.951172 | 0.00030386 | 0 
3.7168 0.876953 | 0.00155032 | 0 
3.70508 0.912109 | 0.000981412 | 0 
3.67383 0.931641 | -5.8139e-05 -116.261 1.22923 | 0 
3.64648 0.904297 | -0.000702426 -108.702 3.12983 | 0 
3.60742 0.947266 | -0.00205289 -101.864 6.18694 | 0 
3.52539 0.931641 | -0.00421323 -83.2833 9.12671 | 0 
3.60742 0.853516 | -0.00149112 -97.6431 5.24944 | 0 
3.55273 0.802734 | -0.0026229 -83.539 7.21308 | 0 
3.60742 0.755859 | -0.000719028 -93.714 4.27288 | 0 
3.63477 0.791016 | -0.000241794 -101.23 2.85032 | 0 
3.63867 0.869141 | -0.000707553 -105.361 3.3529 | 0 
3.6582 0.841797 | 4.66583e-05 | 0 
3.7168 0.755859 | 0.00247934 | 0 
3.70508 0.630859 | 0.00339181 | 0 
3.66602 0.708984 | 0.00140298 | 0 
3.62695 0.728516 | 8.49274e-05 | 0 
3.60352 0.701172 | -0.000313144 -90.8509 3.95239 | 0 
3.51758 0.736328 | -0.00298996 -73.488 7.27243 | 0 
3.5332 0.673828 | -0.00195713 -74.595 6.41407 | 0 
3.50586 0.638672 | -0.00229642 -67.6706 6.37673 | 0 
3.58789 0.630859 | 1.61438e-06 | 0 
3.62305 0.634766 | 0.000945523 | 0 
3.58008 0.607422 | 5.76447e-05 | 0 
3.51367 0.619141 | -0.00186869 -68.6947 6.13652 | 0 
3.53711 0.564453 | -0.000582187 -72.0419 5.23978 | 0 
3.50586 0.509766 | -0.000683078 -63.9696 5.08767 | 0 
3.58008 0.521484 | 0.00114999 | 0 
3.60742 0.552734 | 0.00149789 | 0 
3.67383 0.533203 | 0.00366787 | 0 
3.70508 0.595703 | 0.00380435 | 0 
3.85352 0.591797 | 0.00854025 | 0 
3.85352 0.728516 | 0.00706411 | 0 
3.99805 0.498047 | 0.0147571 | 0 
3.9707 0.224609 | 0.0183678 | 0 
3.74805 0.248047 | 0.0105266 | 0 
3.58008 0.103516 | 0.00856894 | 0 
3.52148 0.173828 | 0.0054935 | 0 
3.50195 0.251953 | 0.00343875 | 0 
3.61914 0.255859 | 0.00655362 | 0 
3.62695 0.376953 | 0.00463601 | 0 
3.70117 0.439453 | 0.00581949 | 0 
3.62305 0.498047 | 0.00267801 | 0 
3.56055 0.435547 | 0.00185476 | 0 
3.50195 0.439453 | 0.000235135 | 0 
3.5332 0.470703 | 0.000593045 | 0 
3.49805 0.498047 | -0.000723361 -62.0446 4.97928 | 0 
3.43555 0.423828 | -0.00120981 -47.6015 3.02314 | 0 
3.38477 0.439453 | -0.00267899 -37.993 0.628567 | 0 
3.37305 0.498047 | -0.00381223 -37.1219 0.452883 | 0 
3.31055 0.435547 | -0.00432297 -24.0157 -5.0788 -0.203302 | 0 
3.37305 0.373047 | -0.0019011 -34.3998 -0.797117 -0.267153 | 0 
3.31055 0.310547 | -0.00225559 -21.6841 -6.3288 -0.39958 | 0 
3.37695 0.251953 | 0.000340115 | 0 
3.38477 0.306641 | -0.000482394 -35.5157 -0.699558 -0.362917 | 0 
3.42773 0.314453 | 0.00041525 | 0 
3.49805 0.248047 | 0.0034114 | 0 
3.49805 0.123047 | 0.00594754 | 0 
3.37305 0.123047 | 0.00285867 | 0 
3.29883 0.0527344 | 0.00273642 | 0 
3.25195 0.126953 | 8.03497e-05 | 0 
3.31055 0.126953 | 0.00134744 | 0 
3.31445 0.189453 | 0.000132108 | 0 
3.31055 0.248047 | -0.00110471 -20.8113 -6.9538 -0.514788 | 0 
3.24805 0.248047 | -0.00245383 -9.70631 -12.7078 -0.555085 | 0 
3.18555 0.248047 | -0.00372483 0.856166 | 0 
3.18555 0.185547 | -0.00249582 1.53366 | 0 
3.18945 0.126953 | -0.00119553 1.34716 | 0 
3.2207 0.158203 | -0.00122824 -4.10599 -16.1676 -0.746545 | 0 
3.24805 0.123047 | 8.23029e-05 | 0 
3.24805 0.0644531 | 0.00137869 | 0 
3.18555 0.0605469 | 0.000196561 | 0 
3.1543 0.0292969 | 0.000312283 | 0 
3.12695 0.0644531 | -0.00101291 11.7001 | 0 
3.12305 0.123047 | -0.00238156 12.0358 | 0 
3.02539 0.103516 | -0.00366452 26.7164 | 0 
3.00195 0.251953 | -0.00708078 28.697 | 0 
3.13477 0.287109 | -0.00542844 8.51608 | 0 
3.20508 0.341797 | -0.00503305 -3.76877 -15.7637 -0.38757 | 0 
3.12695 0.380859 | -0.00719767 8.17759 | 0 
3.19336 0.423828 | -0.00660794 -3.38705 -15.9918 -0.24834 | 0 
3.15039 0.478516 | -0.00826218 2.37289 | 0 
3.06445 0.404297 | -0.00869577 17.2288 | 0 
3.00195 0.501953 | -0.011196 23.9851 | 0 
3.00586 0.634766 | -0.012811 19.6662 | 0 
3.08789 0.689453 | -0.0120099 5.92844 | 0 
3.13867 0.650391 | -0.0106682 -0.615035 -18.1565 -0.0384619 | 0 
3.27148 0.509766 | -0.00625498 -18.7654 -7.88782 -0.126949 | 0 
3.31836 0.587891 | -0.00624594 -29.3398 -2.87861 -0.0614592 | 0 
3.38086 0.533203 | -0.00410953 -39.5224 1.31876 | 0 
3.47852 0.576172 | -0.00226236 -60.1055 5.62461 | 0 
3.37695 0.673828 | -0.00587924 -43.0178 2.47108 | 0 
3.32617 0.736328 | -0.00766745 -35.6886 -0.732527 -0.0104338 | 0 
3.29883 0.775391 | -0.00862284 -32.1804 -2.72011 -0.00571563 | 0 
3.24023 0.978516 | -0.0111886 -30.7555 -6.13879 -5.13425e-07 | 0 
3.11133 0.849609 | -0.0129671 -3.81328 -17.9839 -0.00135513 | 0 
3.00977 0.880859 | -0.0149243 9.79477 | 0 
3.07617 0.947266 | -0.0141845 -2.8596 -18.8436 -2.07759e-05 | 0 
2.99805 0.998047 | -0.0157234 5.92412 | 0 
2.92383 0.896484 | -0.0163395 20.6399 | 0 
2.81445 0.990234 | -0.0182845 29.421 | 0 
2.81445 0.794922 | -0.0170836 38.1376 | 0 
2.88867 0.681641 | -0.0150703 33.5413 | 0 
2.86914 0.501953 | -0.0131498 41.2424 | 0 
2.57227 0.611328 | -0.0176488 67.9147 | 0 
2.6543 0.822266 | -0.0190093 53.3675 | 0 
2.32617 0.830078 | -0.0209724 75.3862 | 0 
2.01367 0.798828 | -0.0205434 84.0339 | 0 
2.1582 0.513672 | -0.0177721 91.6655 | 0 
2.41211 0.533203 | -0.0176039 81.0983 | 0 
2.2168 0.248047 | -0.013435 95.1979 | 0 
2.56445 0.119141 | -0.00948917 77.5196 | 0 
2.5332 0.361328 | -0.0143561 76.9926 | 0 
2.76758 0.333984 | -0.0117787 56.2963 | 0 
2.99023 0.451172 | -0.0106479 26.8164 | 0 
2.92383 0.158203 | -0.00640732 40.1063 | 0 
2.79492 0.107422 | -0.00702341 55.8295 | 0 
2.99805 -0.00195312 | -0.0016843 30.8265 | 0 
2.81836 -0.0917969 | -0.00198893 53.2816 | 0 
2.79883 -0.220703 | 0.00126992 | 0 
2.91602 -0.201172 | 0.00225961 | 0 
2.97852 -0.150391 | 0.00179641 | 0 
2.9043 -0.287109 | 0.00457528 | 0 
2.94336 -0.494141 | 0.011727 | 0 
2.81445 -0.361328 | 0.00565298 | 0 
2.79102 -0.302734 | 0.0035751 | 0 
2.65039 -0.291016 | 0.00175979 | 0 
2.73242 -0.322266 | 0.00350766 | 0 
2.68555 -0.447266 | 0.0069924 | 0 
2.51367 -0.486328 | 0.00692093 | 0 
2.55273 -0.349609 | 0.00275711 | 0 
2.59961 -0.271484 | 0.000749539 | 0 
2.5957 -0.173828 | -0.00206015 74.6014 | 0 
2.68164 -0.158203 | -0.00173307 67.108 | 0 
2.49805 -0.00195312 | -0.00716477 82.7742 | 0 
2.24805 -0.251953 | -0.00139524 94.1403 | 0 
2.12305 -0.376953 | 0.00242703 | 0 
2.09961 -0.494141 | 0.00630191 | 0 
2.25195 -0.498047 | 0.00636062 | 0 
2.3418 -0.419922 | 0.00394253 | 0 
2.25586 -0.345703 | 0.00142318 | 0 
2.26758 -0.306641 | 0.000245328 | 0 
2.32227 -0.302734 | 0.000231595 | 0 
2.36914 -0.369141 | 0.00240811 | 0 
2.41211 -0.310547 | 0.000767422 | 0 
2.47852 -0.345703 | 0.00216769 | 0 
2.49805 -0.501953 | 0.00735476 | 0 
2.43164 -0.744141 | 0.0158334 | 0 
2.31055 -0.591797 | 0.00972757 | 0 
2.02148 -0.701172 | 0.0139632 | 0 
2.08008 -0.892578 | 0.0214326 | 0 
2.36523 -0.869141 | 0.0205865 | 0 
2.70117 -0.810547 | 0.0204347 | 0 
2.7207 -0.580078 | 0.0118981 | 0 
2.97852 -0.587891 | 0.0155264 | 0 
3.00195 -0.998047 | 0.0322454 | 0 
3.38477 -0.701172 | 0.0276812 | 0 
3.22461 -0.654297 | 0.0223824 | 0 
3.02148 -0.443359 | 0.0112547 | 0 
3.16992 -0.314453 | 0.00984317 | 0 
3.00586 -0.255859 | 0.00518936 | 0 
3.06445 -0.201172 | 0.00460562 | 0 
3.00977 -0.146484 | 0.00218741 | 0 
3.04102 -0.0644531 | 0.00056149 | 0 
3.04492 -0.00585938 | -0.000820102 24.1754 | 0 
3.10352 -0.0292969 | 0.000775113 | 0 
3.07227 -0.0878906 | 0.0016951 | 0 
3.15039 -0.0332031 | 0.00174032 | 0 
3.24805 -0.0488281 | 0.00407974 | 0 
3.19727 -0.248047 | 0.00841378 | 0 
3.33398 -0.142578 | 0.00838437 | 0 
3.34961 -0.00976562 | 0.00535135 | 0 
3.41992 -0.193359 | 0.0117966 | 0 
3.50195 -0.498047 | 0.0232845 | 0 
3.62695 -0.220703 | 0.0180459 | 0 
3.99805 -0.501953 | 0.0387962 | 0 
3.74805 -0.751953 | 0.0395657 | 0 
3.75195 -0.998047 | 0.0498997 | 0 
0.923828 0.939453 | -0.00553501 -2.4911 -18.9211 -1.47492 