519 1
0.251953 -0.998047 | | 0 
0.251953 -0.748047 | | 0 
0.248047 -0.501953 | | 0 
0.00195312 -0.498047 | | 0 
0.00195312 -0.248047 | | 0 
0.251953 -0.248047 | | 0 
0.498047 -0.251953 | | 0 
0.501953 -0.498047 | | 0 
0.501953 -0.248047 | | 0 
0.751953 -0.248047 | | 0 
0.998047 -0.251953 | | 0 
0.998047 -0.501953 | | 0 
0.748047 -0.501953 | | 0 
0.748047 -0.751953 | | 0 
0.751953 -0.998047 | | 0 
1.00195 -0.998047 | | 0 
1.00195 -0.748047 | | 0 
1.25195 -0.748047 | | 0 
1.49805 -0.751953 | | 0 
1.50195 -0.998047 | | 0 
1.75195 -0.998047 | | 0 
1.75195 -0.748047 | | 0 
1.74805 -0.501953 | | 0 
1.50195 -0.498047 | | 0 
1.75195 -0.498047 | | 0 
1.75195 -0.248047 | | 0 
1.74805 -0.00195312 | | 0 
1.49805 -0.00195312 | | 0 
1.49805 -0.251953 | | 0 
1.24805 -0.251953 | | 0 
1.00195 -0.248047 | | 0 
1.00195 0.00195312 | | 0 
1.00195 0.251953 | | 0 
1.25195 0.251953 | | 0 
1.49805 0.248047 | | 0 
1.50195 0.00195312 | | 0 
1.75195 0.00195312 | | 0 
1.75195 0.251953 | | 0 
1.74805 0.498047 | | 0 
1.50195 0.501953 | | 0 
1.75195 0.501953 | | 0 
1.75195 0.751953 | | 0 
1.74805 0.998047 | | 0 
1.49805 0.998047 | | 0 
1.49805 0.748047 | | 0 
1.24805 0.748047 | | 0 
1.00195 0.751953 | | 0 
0.998047 0.998047 | | 0 
0.998047 0.873047 | | 0 
0.935547 0.810547 | | 0 
0.904297 0.779297 | | 0 
0.888672 0.763672 | -1.06531 | 0 
0.876953 0.783203 | -1.21633 | 0 
0.876953 0.814453 | -1.34274 | 0 
0.892578 0.830078 | -1.35308 | 0 
0.904297 0.826172 | -1.30072 | 0 
0.892578 0.818359 | -1.30989 | 0 
0.912109 0.814453 | | 0 
0.923828 0.833984 | | 0 
0.916016 0.837891 | | 0 
0.908203 0.830078 | -1.30273 | 0 
0.912109 0.849609 | -1.36401 | 0 
0.919922 0.857422 | | 0 
0.927734 0.845703 | | 0 
0.927734 0.861328 | | 0 
0.919922 0.869141 | | 0 
0.916016 0.865234 | -1.40315 | 0 
0.908203 0.861328 | -1.40996 | 0 
0.900391 0.869141 | -1.44071 | 0 
0.900391 0.853516 | -1.40553 | 0 
0.884766 0.857422 | -1.43713 | 0 
0.880859 0.845703 | -1.42022 | 0 
0.876953 0.861328 | -1.4461 | 0 
0.884766 0.869141 | -1.45186 | 0 
0.873047 0.873047 | -1.45023 | 0 
0.861328 0.865234 | -1.4401 | 0 
0.873047 0.853516 | -1.43907 | 0 
0.865234 0.853516 | -1.43986 | 0 
0.853516 0.845703 | -1.43184 | 0 
0.845703 0.865234 | -1.41532 | 0 
0.849609 0.873047 | -1.41418 | 0 
0.822266 0.873047 | -1.33075 | 0 
0.814453 0.849609 | -1.35883 | 0 
0.837891 0.845703 | -1.41685 | 0 
0.822266 0.841797 | -1.3913 | 0 
0.818359 0.818359 | -1.39773 | 0 
0.837891 0.814453 | -1.40291 | 0 
0.857422 0.822266 | -1.4016 | 0 
0.845703 0.837891 | -1.42453 | 0 
0.857422 0.830078 | -1.41553 | 0 
0.873047 0.841797 | -1.42183 | 0 
0.869141 0.810547 | -1.34991 | 0 
0.861328 0.787109 | -1.28849 | 0 
0.845703 0.751953 | -1.19375 | 0 
0.830078 0.763672 | -1.29003 | 0 
0.822266 0.783203 | -1.35943 | 0 
0.837891 0.798828 | -1.37544 | 0 
0.814453 0.798828 | -1.3864 | 0 
0.794922 0.810547 | -1.36288 | 0 
0.787109 0.791016 | -1.35912 | 0 
0.810547 0.755859 | -1.30712 | 0 
0.779297 0.775391 | -1.34868 | 0 
0.775391 0.755859 | -1.33341 | 0 
0.759766 0.759766 | | 0 
0.755859 0.763672 | | 0 
0.751953 0.791016 | | 0 
0.767578 0.783203 | -1.3262 | 0 
0.775391 0.794922 | -1.3334 | 0 
0.751953 0.830078 | -1.15751 | 0 
0.787109 0.826172 | -1.31818 | 0 
0.783203 0.841797 | -1.2634 | 0 
0.783203 0.869141 | -1.16623 | 0 
0.759766 0.892578 | -0.924537 | 0 
0.810547 0.916016 | -1.10864 | 0 
0.814453 0.896484 | -1.21578 | 0 
0.837891 0.880859 | -1.36654 | 0 
0.857422 0.876953 | -1.42606 | 0 
0.861328 0.896484 | -1.40494 | 0 
0.849609 0.912109 | -1.32124 | 0 
0.865234 0.923828 | -1.3469 | 0 
0.822266 0.966797 | -0.918469 | 0 
0.748047 0.998047 | -0.367764 | 0 
0.748047 0.935547 | -0.639798 | 0 
0.716797 0.904297 | | 0 
0.685547 0.935547 | | 0 
0.623047 0.998047 | | 0 
0.623047 0.873047 | | 0 
0.748047 0.748047 | | 0 
0.751953 0.501953 | | 0 
0.998047 0.498047 | | 0 
0.998047 0.248047 | | 0 
0.748047 0.248047 | | 0 
0.501953 0.251953 | | 0 
0.498047 0.498047 | | 0 
0.498047 0.248047 | | 0 
0.248047 0.248047 | | 0 
0.00195312 0.251953 | | 0 
0.00195312 0.501953 | | 0 
0.251953 0.501953 | | 0 
0.251953 0.751953 | | 0 
0.248047 0.998047 | | 0 
0.00195312 1.00195 | | 0 
0.00195312 1.25195 | | 0 
0.251953 1.25195 | | 0 
0.498047 1.24805 | | 0 
0.501953 1.00195 | | 0 
0.626953 1.12695 | | 0 
0.689453 1.18945 | | 0 
0.748047 1.18555 | -0.0270361 | 0 
0.748047 1.12305 | -0.075597 | 0 
0.751953 1.00195 | -0.369444 | 0 
0.822266 1.09961 | -0.295331 | 0 
0.873047 1.00195 | -1.03586 | 0 
0.912109 1.0332 | -1.09701 | 0 
0.923828 1.00586 | -1.29341 | 0 
0.939453 1.01367 | -1.33167 | 0 
0.966797 1.0293 | -1.38283 | 0 
0.958984 1.00977 | -1.41883 | 0 
0.958984 1.00195 | -1.44003 | 0 
0.962891 1.00586 | | 0 
0.966797 1.00586 | | 0 
0.970703 1.01367 | | 0 
0.986328 1.02148 | | 0 
0.994141 1.04102 | | 0 
0.982422 1.05664 | | 0 
0.966797 1.05664 | -1.27097 | 0 
0.966797 1.04883 | -1.306 | 0 
0.966797 1.0918 | -1.09071 | 0 
0.978516 1.0957 | -1.13479 | 0 
0.904297 1.11133 | -0.617895 | 0 
0.884766 1.22852 | -0.133316 | 0 
0.751953 1.25195 | -0.00829763 | 0 
0.876953 1.25195 | -0.084261 | 0 
0.876953 1.37695 | -0.00920087 | 0 
0.873047 1.49805 | -0.000539171 | 0 
0.810547 1.43555 | -0.00053031 | 0 
0.748047 1.49805 | | 0 
0.501953 1.50195 | | 0 
0.626953 1.62695 | | 0 
0.748047 1.62305 | | 0 
0.685547 1.56055 | | 0 
0.751953 1.50195 | -0.000118934 | 0 
0.876953 1.62695 | -3.0438e-05 | 0 
0.873047 1.74805 | -2.7732e-05 | 0 
0.810547 1.68555 | -0.000105614 | 0 
0.751953 1.75195 | | 0 
0.748047 1.99805 | | 0 
0.498047 1.99805 | | 0 
0.498047 1.74805 | | 0 
0.248047 1.74805 | | 0 
0.00195312 1.75195 | | 0 
0.00195312 2.00195 | | 0 
0.251953 2.00195 | | 0 
0.251953 2.25195 | | 0 
0.248047 2.49805 | | 0 
0.00195312 2.50195 | | 0 
0.00195312 2.75195 | | 0 
0.251953 2.75195 | | 0 
0.498047 2.74805 | | 0 
0.501953 2.50195 | | 0 
0.501953 2.75195 | | 0 
0.751953 2.75195 | | 0 
0.998047 2.74805 | | 0 
0.998047 2.49805 | | 0 
0.748047 2.49805 | | 0 
0.748047 2.24805 | | 0 
0.751953 2.00195 | | 0 
0.876953 2.12695 | | 0 
0.998047 2.12305 | | 0 
0.935547 2.06055 | | 0 
1.00195 2.00195 | -2.4103e-09 | 0 
1.12695 2.12695 | -3.85643e-05 | 0 
1.18945 2.18945 | | 0 
1.24805 2.12305 | | 0 
1.25195 2.00195 | | 0 
1.25195 2.25195 | | 0 
1.24805 2.49805 | | 0 
1.00195 2.50195 | | 0 
1.00195 2.75195 | | 0 
1.25195 2.75195 | | 0 
1.49805 2.74805 | | 0 
1.50195 2.50195 | | 0 
1.50195 2.75195 | | 0 
1.75195 2.75195 | | 0 
1.99805 2.74805 | | 0 
1.87305 2.62305 | | 0 
1.81055 2.56055 | | 0 
1.87695 2.50195 | -0.00841324 | 0 
1.99805 2.49805 | -0.0159966 | 0 
1.99805 2.37305 | -0.0612055 | 0 
1.87305 2.37305 | -0.0290157 | 0 
1.87305 2.31055 | -0.0488333 | 0 
1.81055 2.31055 | | 0 
1.75195 2.37695 | | 0 
1.74805 2.49805 | | 0 
1.74805 2.24805 | | 0 
1.75195 2.00195 | | 0 
1.99805 1.99805 | | 0 
1.99805 1.74805 | | 0 
1.74805 1.74805 | | 0 
1.50195 1.75195 | | 0 
1.49805 1.99805 | | 0 
1.24805 1.99805 | | 0 
1.24805 1.74805 | | 0 
1.25195 1.50195 | | 0 
1.49805 1.49805 | | 0 
1.24805 1.49805 | | 0 
1.24805 1.24805 | | 0 
1.25195 1.00195 | | 0 
1.50195 1.00195 | | 0 
1.50195 1.25195 | | 0 
1.75195 1.25195 | | 0 
1.99805 1.24805 | | 0 
2.00195 1.00195 | | 0 
2.00195 1.25195 | | 0 
2.25195 1.25195 | | 0 
2.49805 1.24805 | | 0 
2.50195 1.00195 | | 0 
2.75195 1.00195 | | 0 
2.75195 1.25195 | | 0 
2.74805 1.49805 | | 0 
2.50195 1.50195 | | 0 
2.75195 1.50195 | | 0 
2.75195 1.75195 | | 0 
2.74805 1.99805 | | 0 
2.49805 1.99805 | | 0 
2.49805 1.74805 | | 0 
2.24805 1.74805 | | 0 
2.00195 1.75195 | | 0 
2.12695 1.87695 | | 0 
2.18945 1.93945 | | 0 
2.18555 1.99805 | -0.377143 | 0 
2.12305 1.99805 | -0.392368 | 0 
2.00195 2.00195 | -0.457742 | 0 
2.10352 2.0957 | -0.428694 | 0 
2.02539 2.20508 | -0.265793 | 0 
2.08398 2.13867 | -0.399695 | 0 
2.12695 2.18945 | -0.366989 | 0 
2.17383 2.24414 | | 0 
2.20117 2.22852 | | 0 
2.41211 2.05273 | | 0 
2.27539 2.16992 | | 0 
2.45508 2.40039 | | 0 
2.21289 2.42773 | | 0 
2.18555 2.31055 | | 0 
2.16602 2.32617 | | 0 
2.07227 2.33789 | -0.13037 | 0 
2.10352 2.42383 | -0.0691565 | 0 
2.09961 2.58008 | -0.00958172 | 0 
2.15039 2.51758 | | 0 
2.24023 2.52539 | | 0 
2.12695 2.62695 | | 0 
2.10352 2.82617 | | 0 
2.21289 2.82227 | | 0 
2.34961 2.95508 | | 0 
2.47461 2.66992 | | 0 
2.33789 2.55273 | | 0 
2.72852 2.54883 | | 0 
2.50195 2.75195 | | 0 
2.70117 2.97852 | | 0 
2.80273 2.91211 | | 0 
2.99805 2.74805 | | 0 
2.83789 2.55273 | | 0 
2.95117 2.60352 | | 0 
2.95898 2.51367 | | 0 
2.91992 2.47461 | -0.11233 | 0 
2.98633 2.36133 | -0.300915 | 0 
2.90039 2.29492 | -0.450476 | 0 
2.92773 2.34961 | -0.323453 | 0 
2.83398 2.36133 | | 0 
2.82617 2.27148 | | 0 
2.78711 2.42773 | | 0 
2.67383 2.39648 | | 0 
2.67383 2.35352 | | 0 
2.54492 2.09961 | | 0 
2.80273 2.16211 | | 0 
2.82227 2.16211 | | 0 
2.85742 2.13477 | -0.825148 | 0 
2.89258 2.15039 | -0.807623 | 0 
2.89258 2.16211 | -0.78225 | 0 
2.95117 2.22852 | -0.6317 | 0 
2.97461 2.13477 | -0.857501 | 0 
2.99414 2.08789 | -0.9382 | 0 
2.97852 2.08008 | -0.947746 | 0 
2.95117 2.06445 | -0.962028 | 0 
2.94727 2.11914 | -0.883411 | 0 
2.89648 2.11914 | -0.86977 | 0 
2.87695 2.07617 | -0.925565 | 0 
2.92383 2.07617 | -0.942591 | 0 
2.91992 2.06055 | -0.95829 | 0 
2.88477 2.04883 | -0.955553 | 0 
2.90039 2.03711 | -0.969782 | 0 
2.88867 2.02148 | -0.972323 | 0 
2.9043 2.00195 | -0.982095 | 0 
2.91992 2.01758 | -0.984968 | 0 
2.93555 2.01758 | -0.989349 | 0 
2.93555 2.00195 | -0.991782 | 0 
2.95117 2.00195 | -0.99525 | 0 
2.95508 2.01367 | -0.994507 | 0 
2.95508 2.0293 | -0.989118 | 0 
2.93945 2.0293 | -0.985906 | 0 
2.95117 2.04883 | -0.976163 | 0 
2.9668 2.0332 | -0.988949 | 0 
2.98242 2.04883 | -0.980188 | 0 
2.99805 2.0293 | -0.993081 | 0 
2.98242 2.0293 | -0.992477 | 0 
2.98242 2.01367 | -0.997884 | 0 
2.98633 2.00195 | -0.999597 | 0 
3.00195 2.00195 | -0.999962 | 0 
3.00977 2.00195 | -0.999778 | 0 
3.02148 2.00977 | -0.99831 | 0 
3.02148 2.0293 | -0.992169 | 0 
3.00195 2.02148 | -0.99628 | 0 
3.00977 2.06055 | -0.970313 | 0 
3.02148 2.04102 | -0.985531 | 0 
3.0332 2.06055 | -0.968349 | 0 
3.05664 2.04492 | -0.977388 | 0 
3.04492 2.02539 | -0.990774 | 0 
3.04492 2.01367 | -0.994447 | 0 
3.04492 2.00195 | -0.995911 | 0 
3.05664 2.00586 | -0.993269 | 0 
3.06836 2.01367 | -0.989102 | 0 
3.0918 2.0293 | -0.976232 | 0 
3.10352 2.00977 | -0.977673 | 0 
3.12305 2.02148 | -0.965944 | 0 
3.11523 2.04883 | -0.954579 | 0 
3.08789 2.05664 | -0.959011 | 0 
3.07617 2.04492 | -0.972243 | 0 
3.07617 2.08789 | -0.927298 | 0 
3.11914 2.07227 | -0.930703 | 0 
3.08789 2.09961 | -0.906754 | 0 
3.03711 2.11133 | -0.899517 | 0 
3.05273 2.06445 | -0.961181 | 0 
3.04102 2.08789 | -0.935091 | 0 
3.02148 2.06836 | -0.961554 | 0 
3.02539 2.10742 | -0.9074 | 0 
3.01758 2.18164 | -0.753831 | 0 
3.03711 2.19336 | -0.723423 | 0 
3.12305 2.18945 | -0.71276 | 0 
3.12695 2.12695 | -0.845492 | 0 
3.12695 2.18945 | -0.711323 | 0 
3.1582 2.2207 | -0.622389 | 0 
3.18945 2.18945 | | 0 
3.24805 2.12305 | | 0 
3.25195 2.00195 | | 0 
3.25195 2.25195 | | 0 
3.24805 2.49805 | | 0 
3.00195 2.50195 | | 0 
3.00195 2.75195 | | 0 
3.25195 2.75195 | | 0 
3.49805 2.74805 | | 0 
3.50195 2.50195 | | 0 
3.50195 2.75195 | | 0 
3.75195 2.75195 | | 0 
3.99805 2.74805 | | 0 
3.99805 2.49805 | | 0 
3.74805 2.49805 | | 0 
3.74805 2.24805 | | 0 
3.75195 2.00195 | | 0 
3.99805 1.99805 | | 0 
3.99805 1.74805 | | 0 
3.74805 1.74805 | | 0 
3.50195 1.75195 | | 0 
3.49805 1.99805 | | 0 
3.24805 1.99805 | | 0 
3.24805 1.74805 | | 0 
3.25195 1.50195 | | 0 
3.49805 1.49805 | | 0 
3.37305 1.37305 | | 0 
3.31055 1.31055 | | 0 
3.25195 1.31445 | -0.0230467 | 0 
3.25195 1.37695 | -0.0470991 | 0 
3.24805 1.49805 | -0.138295 | 0 
3.13086 1.49414 | -0.147431 | 0 
3.12305 1.38086 | -0.0542978 | 0 
3.11914 1.25195 | -0.0105984 | 0 
3.24805 1.24805 | -0.00901442 | 0 
3.12305 1.12695 | -0.00068442 | 0 
3.25195 1.00195 | -3.46379e-11 | 0 
3.25195 1.12695 | -0.000618148 | 0 
3.31445 1.18945 | | 0 
3.37695 1.12695 | | 0 
3.50195 1.00195 | | 0 
3.50195 1.25195 | | 0 
3.75195 1.25195 | | 0 
3.99805 1.24805 | | 0 
3.99805 0.998047 | | 0 
3.74805 0.998047 | | 0 
3.74805 0.748047 | | 0 
3.75195 0.501953 | | 0 
3.99805 0.498047 | | 0 
3.99805 0.248047 | | 0 
3.74805 0.248047 | | 0 
3.50195 0.251953 | | 0 
3.49805 0.498047 | | 0 
3.49805 0.248047 | | 0 
3.37305 0.123047 | | 0 
3.25195 0.126953 | | 0 
3.31445 0.189453 | | 0 
3.3457 0.220703 | | 0 
3.31055 0.248047 | -0.514788 | 0 
3.24805 0.248047 | -0.555085 | 0 
3.2168 0.216797 | -0.636746 | 0 
3.18555 0.248047 | | 0 
3.18555 0.185547 | | 0 
3.24805 0.123047 | | 0 
3.12305 0.123047 | | 0 
3.00195 0.251953 | | 0 
3.00195 0.501953 | | 0 
3.12695 0.626953 | | 0 
3.12695 0.689453 | -0.0242357 | 0 
3.18945 0.689453 | -0.0232561 | 0 
3.24805 0.623047 | -0.0472964 | 0 
3.25195 0.501953 | -0.137718 | 0 
3.31055 0.564453 | -0.0769532 | 0 
3.36914 0.564453 | | 0 
3.37305 0.505859 | | 0 
3.37695 0.619141 | | 0 
3.38086 0.748047 | | 0 
3.37305 0.693359 | | 0 
3.31445 0.685547 | -0.0213493 | 0 
3.25195 0.751953 | -0.00897683 | 0 
3.31055 0.814453 | -0.00262431 | 0 
3.37305 0.751953 | | 0 
3.37695 0.873047 | | 0 
3.37695 0.998047 | | 0 
3.31445 0.935547 | | 0 
3.24805 0.998047 | -3.4783e-11 | 0 
3.12305 0.873047 | -0.00068442 | 0 
3.06055 0.810547 | | 0 
3.00195 0.876953 | | 0 
2.99805 0.998047 | | 0 
2.99805 0.748047 | | 0 
2.74805 0.748047 | | 0 
2.50195 0.751953 | | 0 
2.49805 0.998047 | | 0 
2.24805 0.998047 | | 0 
2.24805 0.748047 | | 0 
2.25195 0.501953 | | 0 
2.49805 0.498047 | | 0 
2.24805 0.498047 | | 0 
2.24805 0.248047 | | 0 
2.25195 0.00195312 | | 0 
2.50195 0.00195312 | | 0 
2.50195 0.251953 | | 0 
2.75195 0.251953 | | 0 
2.99805 0.248047 | | 0 
2.99805 -0.00195312 | | 0 
2.99805 -0.251953 | | 0 
2.74805 -0.251953 | | 0 
2.50195 -0.248047 | | 0 
2.49805 -0.00195312 | | 0 
2.24805 -0.00195312 | | 0 
2.24805 -0.251953 | | 0 
2.25195 -0.498047 | | 0 
2.49805 -0.501953 | | 0 
2.24805 -0.501953 | | 0 
2.24805 -0.751953 | | 0 
2.25195 -0.998047 | | 0 
2.50195 -0.998047 | | 0 
2.50195 -0.748047 | | 0 
2.75195 -0.748047 | | 0 
2.99805 -0.751953 | | 0 
3.00195 -0.998047 | | 0 
3.25195 -0.998047 | | 0 
3.25195 -0.748047 | | 0 
3.24805 -0.501953 | | 0 
3.00195 -0.498047 | | 0 
3.00195 -0.248047 | | 0 
3.25195 -0.248047 | | 0 
3.49805 -0.251953 | | 0 
3.50195 -0.498047 | | 0 
3.50195 -0.248047 | | 0 
3.75195 -0.248047 | | 0 
3.99805 -0.251953 | | 0 
3.99805 -0.501953 | | 0 
3.74805 -0.501953 | | 0 
3.74805 -0.751953 | | 0 
3.75195 -0.998047 | | 0 
0.884766 0.869141 | -1.45186 